2 0.023833451427272598 0.0853982391656102 0.024806245363079644 0.08345265129399612 0.025779039298886686 0.08583059202596889 0.025779039298886686 0.08950559133901774 0.02496837768571415 0.0938291199426046 0.02318492213673457 0.09231588493134918 0.022212128200927522 0.08993794419937641
2 0.11495181674786581 0.1872173377800809 0.11641100765157636 0.18289380917649403 0.11868086016845945 0.18289380917649403 0.11868086016845945 0.18635263205936353 0.11851872784582497 0.18808204350079827 0.11851872784582497 0.19197321924402644 0.1146275521025968 0.19608057141743396 0.11268196423098269 0.19564821855707526 0.11203343494044465 0.1932702778251025 0.11397902281205875 0.18959527851205366
2 0.6492144437108834 0.979743749668763 0.6534872465151287 0.979743749668763 0.6584721831200815 0.9813262692258907 0.6579974272529431 0.9857573239858488 0.6520629789137135 0.9860738278972747 0.6463659085080532 0.9889223631001046 0.6451790188402071 0.9882893552772535
2 0.7053637234062464 0.5891999421465253 0.7082821052136674 0.5874705307050906 0.7102276930852816 0.5861734721240145 0.7133082072153373 0.5879028835654493 0.7165508536680274 0.5900646478672427 0.7149295304416823 0.5930911178897535 0.7128218102474336 0.593955823610471 0.7124975456021647 0.5954690586217263 0.7133082072153373 0.5982793522140578 0.7142810011511442 0.6010896458063892 0.7137946041832407 0.6026028808176446 0.7113626193437231 0.602170527957286 0.70909276682684 0.5982793522140578 0.7077957082457638 0.5969822936329817 0.7069850466325914 0.5954690586217263 0.7060122526967844 0.593955823610471 0.7053637234062464 0.5917940593086775
2 0.6485668264555501 0.5971255894547455 0.6490317696463949 0.5971255894547455 0.6505299199280059 0.5964367847275679 0.652028070209617 0.5963679042548502 0.652183051273232 0.597538872291052 0.6512531648915423 0.5989853622181247 0.6510981838279274 0.6006384935633506 0.6495483731917779 0.6001563302543265 0.6488251282282416 0.5996052864725845 0.6482052039737818 0.5987787207999714 0.6482052039737818 0.5980210356000761
2 0.49203812515837314 0.011791441646146 0.49378004267428105 0.010719492405587273 0.49645991577567794 0.010362175992067697 0.49806783963651596 0.013042049093464514 0.49806783963651596 0.01590058040162112 0.49270809343372235 0.01643655502190048 0.49110016957288427 0.014828631161062393
2 0.4586737050459827 0.11559185977358273 0.46202354642272875 0.11487722694654359 0.46282750835314784 0.11880770749525892 0.46202354642272875 0.1202369731493372 0.45733376849528434 0.11719978363442082 0.4604156225618907 0.11934368211553827
2 0.557829009797665 0.14113998334023242 0.5607768702092015 0.14042535051319327 0.5609108638642714 0.14221193258079115 0.5602408955889221 0.14435583106190858 0.5582309907628745 0.14399851464838903 0.5574270288324555 0.14364119823486943
2 0.8053152907116611 0.34498899725315035 0.8059852589870102 0.344453022632871 0.8079951638130579 0.3457036300801895 0.808799125743477 0.3473115539410276 0.8078611701579881 0.3494554524221451 0.8071912018826388 0.3524926419370615 0.8047793160913816 0.3482048449748266
2 0.9147087818402483 0.09352099841829227 0.9174543659206357 0.09193466094962402 0.9182780411447519 0.09510733588696058 0.9184610800834444 0.09791393294691217 0.9180950022060594 0.0988901406199388 0.9156239765337107 0.0980359589060405 0.914617262370902 0.0955954397234739
2 0.9471017467178691 0.09852406274255382 0.9508540449610653 0.09632759547824389 0.9518607591238741 0.09644962143737221 0.9534165901027601 0.09815798486516882 0.9548809016123001 0.10108660788424874 0.9562536936524938 0.10413725686245699 0.954789382142954 0.10547954241286864 0.9514031617771428 0.10657777604502358 0.9492982139821791 0.10657777604502358 0.9473763051259076 0.10572359433112527 0.9452713573309441 0.10218484151640371
2 0.9849908070272154 0.09217871286788065 0.987370313230218 0.08851793409403076 0.9894752610251817 0.08900603793054408 0.9892007026171429 0.09254479074526564 0.9883770273930266 0.09535138780521724 0.9868211964141405 0.09535138780521724 0.9859975211900242 0.09327694650003564
2 0.9822452229468281 0.14782255023039909 0.9843501707417919 0.1472124204347574 0.9858144822513317 0.14782255023039909 0.9861805601287168 0.14928686173993902 0.9865466380061017 0.15172738092250565 0.9865466380061017 0.15392384818681557 0.9851738459659081 0.15416790010507223 0.9834349760483293 0.15416790010507223 0.9818791450694431 0.15319169243204558 0.9820621840081357 0.1512392770859923 0.9822452229468281 0.15062914729035065
2 0.9956985849407265 0.14733444639388574 0.9974374548583052 0.14623621276173077 0.9990848053065376 0.1470903944756291 0.9989932858371913 0.14940888769906735 0.9987187274291526 0.15294764051378892 0.9979865716743826 0.1540458741459439 0.9967968185728815 0.15319169243204558 0.995149468124649 0.15148332900424896 0.995149468124649 0.15050712133122232 0.9957901044100727 0.14928686173993902
