2 0.07564701207279524 0.662746852017081 0.0768651362097938 0.6614475196042824 0.08015407137968988 0.6612851030526825 0.08210306999888757 0.6646958506362786 0.08539200516878367 0.6711925127002709 0.08868094033867974 0.6752529264902659 0.08977725206197845 0.6773643416610635 0.09464974860997266 0.6819120051058581 0.09598968516067108 0.6836985871734559 0.09806049619356863 0.6887335002730501 0.09854774584836803 0.6923066644082457 0.09513699826477208 0.6898704161342486 0.09075175137157729 0.684510669931455 0.08892456516607947 0.6812623388994588 0.08648831689208236 0.6772019251094636 0.08295575689478656 0.6723294285614695 0.0790577596563912 0.665995183049077 0.07528157483169567 0.6653455168426778 0.07564701207279524 0.6645334340846787
2 0.11267798583755127 0.6270152106651233 0.11487060928414866 0.6253910451491252 0.1177941072129452 0.6229547968751281 0.1207176051417417 0.6227923803235283 0.11584510859374751 0.6279897099747221 0.11474879687044881 0.630588374800319 0.11487060928414866 0.633187039625916 0.1134088603197504 0.6364353706579121 0.11243436101015156 0.6322125403163171
2 0.13898946719672 0.610448722401943 0.1370404685775223 0.6093118065407443 0.1370404685775223 0.6065507251635476 0.13813678030082102 0.6063883086119478 0.13935490443781956 0.6072003913699469 0.1400857789200187 0.6080124741279459
1 0.2672460262321893 0.2618135517564283 0.26757477394288764 0.26087427258300444 0.26842012519896913 0.2596219003517726 0.27048653938050166 0.25799381645117125 0.2702986835458169 0.2641930589957688 0.2677156658189012 0.2641930589957688 0.2657431795547111 0.2640678217726456 0.26339498162115144 0.26369211010327603 0.26607192726540946 0.2623771192604826
1 0.00857771476556503 0.3079193886146188 0.009159912600331888 0.30683261932305406 0.011876835829243891 0.30584935186878115 0.011915649018228345 0.3070396229976379 0.011217011616508116 0.3089026560688918 0.01079006653767909 0.3098859235231647
2 0.5776407817956164 0.0614950972800449 0.58300052799841 0.0611702641768453 0.5883602742012036 0.0611702641768453 0.5951817693683955 0.0611702641768453 0.5927455210943985 0.06376892900244222 0.5868985252368054 0.0636065124508424 0.5801988424833134 0.06311926279604298
2 0.5548618604337434 0.04963868901325899 0.5568108590529411 0.04639035798126285 0.5591252949132384 0.046227941429663036 0.5609524811187362 0.04606552487806323 0.5608306687050364 0.04817694004886072 0.5598561693954376 0.0498011055648588 0.5588816700858388 0.051425271080856864
2 0.9755327585842468 0.0679308882455558 0.9761223306665543 0.0626247395047901 0.9789227980575138 0.06046297520299668 0.9814284794073199 0.06223169144991857 0.9814284794073199 0.06694826810837697 0.9778910469134761 0.07363008504119303 0.9758275446254006 0.07127179671196383
1 0.39393723238887385 0.5732110944572987 0.39792382047359637 0.5742446543311157 0.39792382047359637 0.5782312424158382 0.39748086624196055 0.5847279044798305 0.39581978787332617 0.5893050982067342 0.39338353959932904 0.585023207300921 0.39360501671514697 0.5771976825420213 0.39360501671514697 0.5748352599732968
2 0.06236795581432594 0.9067999053311323 0.06346426753762464 0.9038764074023359 0.0646823916746232 0.9009529094735391 0.07004213787741682 0.8998159936123407 0.0736965102884125 0.8993287439575414 0.07381832270211235 0.9012777425767389 0.07028576270481654 0.9033891577475365 0.06906763856781799 0.9043636570571353 0.06675320270752073 0.9058254060215336 0.06541326615682233 0.9084240708471305 0.06419514201982376 0.9128093177403253 0.061271644091027234 0.915570399117522 0.057617271680031584 0.9136214004983245 0.06078439443622782 0.9103730694663282
