2 0.14272004940653912 0.08964233011757225 0.14350476984809013 0.0865034483513682 0.14703601183506973 0.08467243398774914 0.148409272607784 0.08493400746826614 0.14860545271817174 0.09121177100067428 0.14860545271817174 0.09618166713049738 0.1454665709519677 0.0972279610525654 0.14134678863382485 0.0919964914422253
2 0.672406347453475 0.10305995132370013 0.6737796082261893 0.09887477563542803 0.6778993905443322 0.09625904083025799 0.6847656944079036 0.096782187791292 0.6857465949598422 0.09809005519387703 0.6855504148494547 0.10201365740163211 0.6830000734144138 0.10855299441455726 0.6729948877846383 0.10829142093404023
2 0.5931495828568224 0.2157981214265295 0.5953075640710876 0.21449025402394445 0.5988388060580673 0.21370553358239341 0.6002120668307815 0.2157981214265295 0.6002120668307815 0.22024487059531853 0.5939343032983734 0.2286152219718627 0.5935419430775979 0.2225990319199716 0.5900107010906184 0.22024487059531853 0.5909916016425572 0.21658284186808047
2 0.9125036707670618 0.0436827712463399 0.9125036707670618 0.03766658119444878 0.9150540122021026 0.03321983202565969 0.9199585149617966 0.032958258545142685 0.9225088563968371 0.03478927290876172 0.9223126762864495 0.03949759555806782 0.9187814342994699 0.04525221212944194 0.9132883912086129 0.04629850605150995
2 0.919566154741021 0.026942068493251557 0.9205470552929598 0.024849480649115515 0.9254515580526536 0.024849480649115515 0.9230973967280006 0.028249935895836586
1 0.5141958203367991 0.6090142179586622 0.5129776961998005 0.6073900524426641 0.5140740079230993 0.606577969684665 0.517728380334095 0.604953804168667 0.5211391279176909 0.604953804168667 0.5211391279176909 0.606577969684665 0.5201646286080921 0.6163229627806535 0.5199210037806924 0.6197337103642494 0.5179720051614947 0.6198961269158492 0.5162666313696966 0.6179471282966514 0.5156575693011973 0.6138867145066563
0 0.4274653817825021 0.5711711614359071 0.43221606591679645 0.5713335779875068 0.4357486259140922 0.5732825766067046 0.43964662315248765 0.5750691586743024 0.4459808686648801 0.5786423228094981 0.44987886590327547 0.5799416552222966 0.4506097403854746 0.5828651531510931 0.44841711693887715 0.5833524028058925 0.44123018453058577 0.5802664883254962 0.4386721238428888 0.5794544055674972 0.4356268135003924 0.577992656603099 0.4328251279852957 0.5768557407419003 0.42941438040169977 0.5750691586743024 0.42795263143730156 0.5734449931583043
2 0.3750860438915644 0.5289428580199572 0.3769132300970622 0.52666902629756 0.38142028940395684 0.5256945269879612 0.3831256631957548 0.5263441931943603 0.3822729762998558 0.5300797738811559 0.37995854043955857 0.5305670235359553 0.37727866733816173 0.5313791062939544
2 0.4205220742016104 0.5221213628527653 0.4269781321277027 0.5204971973367672 0.4330687528126954 0.5195226980271684 0.44001206039358726 0.5217965297495657 0.4356268135003924 0.5263441931943603 0.4356268135003924 0.5291052745715571 0.4291707555743001 0.5313791062939544 0.4269781321277027 0.5295925242263565 0.4238110093715065 0.5281307752619582 0.4208875114427099 0.5268314428491597
2 0.4590147969307646 0.5201723642335676 0.46510541761575735 0.5167616166499717 0.4742413486432465 0.5167616166499717 0.4800883445008396 0.5169240332015715 0.4870316520817313 0.519035448372369 0.4844735913940344 0.5204971973367672 0.4777739086405423 0.5237455283687634 0.47619034726244425 0.5247200276783622 0.47168328795554954 0.5268314428491597 0.47046516381855097 0.5294301076747566 0.4691252272678526 0.532516022155153 0.4596238589992639 0.5271562759523594 0.4579184852074659 0.5240703614719631
2 0.5105414479258035 0.5154622842371732 0.5134649458546 0.5156247007887731 0.5165102561970963 0.5151374511339737 0.5222354396409895 0.5135132856179756 0.5257679996382854 0.5135132856179756 0.5334421817013763 0.5135132856179756 0.5306404961862795 0.5178985325111704 0.5300314341177803 0.5178985325111704 0.5296659968766807 0.5226086125075647 0.5291787472218813 0.5252072773331616 0.5271079361889838 0.5323536056035532 0.5222354396409895 0.5323536056035532 0.5208955030902911 0.5292676911231569 0.5172411306792954 0.5243951945751626 0.5104196355121036 0.523258278713964 0.5072525127559073 0.5208220304399669 0.5078615748244066 0.5167616166499717 0.5090796989614051 0.5164367835467721
2 0.3690635095810659 0.7520175389791177 0.3709796188485646 0.7504453467596316 0.375696195507023 0.7506418707870673 0.38365541861817154 0.7514279668968105 0.3845397767416325 0.7528036350888608 0.3827710604947106 0.7581097838296265 0.3792336280008668 0.758502831884498 0.37333790717779375 0.7571271636924476
2 0.4252202504208362 0.7449426739914302 0.4293472549969873 0.7443531019091227 0.43833822925217364 0.7431739577445083 0.4414334826842869 0.7431739577445083 0.44128608966371 0.7445496259365586 0.44054912456082607 0.7494627266224527 0.43966476643736496 0.7520175389791177 0.4386330152933272 0.7545723513357827 0.43583254790236753 0.7533932071711681 0.4320003293673701 0.7516244909242461 0.4275785387500653 0.7496592506498885 0.4250728574002594 0.7473009623206592
2 0.46339504275023397 0.7416017655250221 0.46634290316177046 0.7362956167842563 0.4729755890877275 0.7362956167842563 0.4787239168902237 0.7378678090037425 0.4800504540754151 0.7419948135798936 0.47533387741695676 0.7453357220463016 0.47253341002599714 0.7469079142657878 0.4703225147173447 0.748283582457838 0.46575333107946304 0.75005229870476 0.4644267938942717 0.7492662025950171 0.4629528636885034 0.7447461499639944
2 0.5092342721496265 0.7341338524824631 0.514687813910969 0.7303998959611835 0.5196991766105811 0.7286311797142615 0.5261844695159613 0.7286311797142615 0.5270688276394223 0.7309894680434907 0.5291323299274978 0.7372782369214351 0.5278057927423063 0.7404226213604075 0.523973574207309 0.742387861634765 0.5124769186023166 0.7419948135798937 0.5107082023553947 0.7406191453878433
