2 0.0651710326708119 0.7782321181360856 0.06689741764222414 0.7747793481932612 0.07099758194932819 0.7747793481932612 0.07552934249928532 0.7767934639932421 0.07596093874213837 0.7842744655360285 0.06754481200650372 0.785713119678872 0.06344464769939966 0.7799585031074979
2 0.12322072733454834 0.8305991289355901 0.1268892953987993 0.8285850131356092 0.13357903716302175 0.821967204078529 0.14113197141295025 0.8257077048499221 0.14221096202008293 0.8305991289355901 0.1452321357200543 0.8372169379926704 0.14631112632718699 0.8418206312497696 0.14458474135577473 0.8464243245068688 0.13897399019868498 0.8501648252782623 0.13573701837728702 0.8510280177639682 0.1325000465558891 0.8518912102496743 0.12775248788450544 0.8521789410782431 0.12710509352022586 0.8495893636211247 0.12624190103451974 0.8449856703640254 0.12322072733454834 0.8441224778783193 0.12149434236313608 0.8369292071641017
2 0.2153665251836764 0.7281669539651306 0.21752450639794169 0.7241387223651689 0.22140887258361922 0.7232755298794628 0.22162467070504577 0.7261528381651497 0.22076147821933964 0.7310442622508178 0.21795610264079474 0.7316197239079553
1 0.18817596188393368 0.6953656395082983 0.19076553934105206 0.6962288319940044 0.19162873182675816 0.6936392545368861 0.1955130980124357 0.6936392545368861 0.1963762904981418 0.6988184094511228 0.1963762904981418 0.7005447944225351 0.1933551167981704 0.7011202560796724 0.19076553934105206 0.6996816019368288
2 0.3014699756328616 0.7298933389365432 0.3047069474542596 0.7258651073365812 0.30708072678995146 0.7218368757366194 0.31182828546133506 0.7215491449080507 0.31420206479702684 0.722987799050894 0.31679164225414524 0.7235632607080317 0.31787063286127787 0.7250019148508752 0.31787063286127787 0.7319074547365241 0.3133388723113208 0.7385252637936043 0.3107492948542024 0.7385252637936043 0.3060017361828188 0.7379498021364668 0.3025489662399943 0.7333461088793676
2 0.32499197086835335 0.7911800054216773 0.326502557718339 0.7868640429931468 0.3293079332968839 0.7871517738217154 0.3295237314183105 0.7926186595645208 0.32779734644689823 0.8009628535930133
2 0.2682370649331761 0.8964894886778236 0.27276882548313325 0.8913103337635868 0.2770847879116638 0.8913103337635868 0.2870115014972842 0.8924612570778617 0.2887378864686964 0.8987913353063733 0.2870115014972842 0.9045459518777474 0.27924276912592916 0.9169183775062018 0.27363201796883935 0.9189324933061828 0.27061084426886794 0.9169183775062018 0.2652158912332047 0.9126024150776711 0.2645684968689251 0.9074232601634346
2 0.24493086781911091 0.9108034431437011 0.2505416189762007 0.9036101724294835 0.2537785907975986 0.9038979032580522 0.2522680039476129 0.9093647890008576 0.249031032126215 0.911954366457976
2 0.23737793356918238 0.9358360252291785 0.2382411260548885 0.9335341786006288 0.24061490539058034 0.9335341786006288 0.24320448284769866 0.9369869485434533 0.24406767533340482 0.9395765260005717 0.24406767533340482 0.9450434117433772 0.24277288660484564 0.9484961816862019 0.23802532793346198 0.9484961816862019 0.23651474108347628 0.9484961816862019 0.23543575047634363 0.9459066042290832 0.2352199523549171 0.9404397184862779
2 0.30449114933283306 0.8627523947727272 0.30729652491137793 0.860162817315609 0.30967030424706976 0.8552713932299408 0.311396689218482 0.852394084944254 0.3129072760684677 0.8584364323441966 0.3120440835827616 0.8639033180870022 0.3098861023684963 0.8644787797441394
2 0.37376234631074906 0.8167154622017344 0.37354654818932254 0.8135504230874786 0.3767835200107205 0.8121117689446351 0.3793730974678388 0.8129749614303414 0.37872570310355924 0.8161400005445969
2 0.39241922512514293 0.8716148053173229 0.3925410375388428 0.8683664742853268 0.3925410375388428 0.8656053929081301 0.39485547339914007 0.8644684770469314 0.3969262844320376 0.8634939777373325 0.3975353465005369 0.8620322287729343 0.4004588444293333 0.8623570618761339 0.4028950927033305 0.8634939777373325 0.40277328028963066 0.8652805598049305 0.4009460940841328 0.8659302260113297 0.3996061575334344 0.8686913073885265 0.4004588444293333 0.8717772218689228 0.4004588444293333 0.8750255529009189 0.39619540994983843 0.8763248853137173
2 0.3674476803166726 0.8881812935805032 0.3668386182481733 0.8846081294453074 0.3697621161769698 0.8919168742672988 0.3703711782454691 0.8943531225412958 0.3720765520372671 0.8982511197796913 0.3725638016920665 0.9008497846052882 0.3693966789358703 0.8990632025376903 0.36793492997147204 0.8945155390928957 0.36781311755777213 0.8907799584061001
1 0.23843854579369295 0.9608686073146561 0.2440492969507827 0.9591422223432438 0.24879685562216639 0.9577035682004003 0.2639027241220234 0.9597176840003812 0.2697292734005397 0.9565526448861253 0.2762032170433356 0.9562649140575565 0.2874247193575151 0.9554017215718507 0.29691983670028244 0.9533876057718698 0.30382537658593134 0.9522366824575949 0.3193628413286415 0.9507980283147514 0.33015274739996797 0.9464820658862206 0.34072685534986796 0.9464820658862206 0.3497903764497822 0.9464820658862206 0.3577749069425637 0.9447556809148085 0.359932888156829 0.9415906418005526 0.3623066674925209 0.9369869485434534 0.3677016205281841 0.941302910971984 0.37007539986387594 0.9418783726291214 0.36942800549959637 0.9450434117433772 0.3677016205281841 0.9461943350576518 0.362738263735374 0.9479207200290644 0.3513009632997679 0.9505102974861827 0.348495587721223 0.9513734899718888 0.3409426534712945 0.9528121441147323 0.32713157369999657 0.9554017215718507 0.31591007138581706 0.955977183228988 0.3141836864144048 0.955977183228988 0.3029621841002253 0.9568403757146942 0.2923880761503253 0.9577035682004003 0.28483514190039677 0.9585667606861066 0.2762032170433356 0.9600054148289499 0.26627650345771525 0.9625949922860683 0.25915516545063977 0.9625949922860683 0.2513864330792847 0.9625949922860683 0.2440492969507827 0.9625949922860683
1 0.3917523292677869 0.9386607593524541 0.3935357848167665 0.9377960536317367 0.39726482823736015 0.9377960536317367 0.4011560039805883 0.9377960536317367 0.4076412968859687 0.9384445829222747 0.4176935008893081 0.9401739943637095 0.4222332059230743 0.9384445829222747 0.4292048957963582 0.9369313479110194 0.4343931301206624 0.9347695836092259 0.4395813644449666 0.9332563485979706 0.4468773189635195 0.9332563485979706 0.44898503915776805 0.9332563485979706 0.45757805225739695 0.9332563485979706 0.46844091787390885 0.9310945842961771 0.48011444510359347 0.9287166435642044 0.4794659158130554 0.9256901735416936 0.48043870974886255 0.9222313506588242 0.48189790065257304 0.9237445856700794 0.48449201781472523 0.9287166435642044 0.4760611370377308 0.9330401721677913 0.4635769481948737 0.9356342893299434 0.4519034209651892 0.9382284064920955 0.4410405553486772 0.9403901707938889 0.4324475422490483 0.9406063472240682 0.42239533824570885 0.941687229374965 0.39434644642993905 0.9453622286880138 0.392076593913056 0.9412548765146063
1 0.48368135620155267 0.9090445884178842 0.47914165116778645 0.9036401776634005 0.480600842071497 0.8967225318976617 0.48870745820322237 0.8921828268638954 0.49130157536537455 0.8923990032940747 0.4919501046559126 0.8952092968864062 0.4903287814295674 0.9021269426521451 0.49259863394645054 0.9073151769764495 0.4947063541406992 0.9105578234291396 0.4947063541406992 0.9166107634741613 0.49227436930118157 0.9176916456250581 0.4870861349768773 0.9142328227421885
2 0.5075148076288253 0.825816662798837 0.5096225278230738 0.8217093106254295 0.513513703566302 0.8225740163461469 0.5120545126625915 0.8266813685195544 0.5097846601457083 0.8284107799609892 0.5075148076288253 0.8281946035308096
2 0.5191883348585098 0.8694843016950642 0.5230795106017381 0.8688357724045264 0.5201611287943169 0.8725107717175752 0.5190262025358754 0.8722945952873958
2 0.4538490088368033 0.8701328309856025 0.4561188613536864 0.8701328309856025 0.4561188613536864 0.8718622424270372 0.45465967044997574 0.8738078302986512 0.45303834722363073 0.8738078302986512
2 0.5191883348585098 0.7510196179567843 0.5230795106017381 0.7471284422135562 0.5266464216996971 0.7471284422135562 0.5264842893770626 0.7516681472473223 0.5245387015054485 0.7540460879792952 0.5219445843432964 0.7536137351189365
2 0.5765831770711254 0.7713402023936424 0.5765831770711254 0.7700431438125664 0.5795015588785466 0.7698269673823872 0.579339426555912 0.7735019666954359 0.5775559710069325 0.774799025276512
2 0.5974982466909768 0.7214034470222143 0.6022000840473776 0.721187270592035 0.6022000840473776 0.7242137406145457 0.5987953052720529 0.7276725634974153 0.5966875850778044 0.7274563870672359
2 0.6532717656772475 0.641850520716216 0.6566765444525722 0.6405534621351398 0.6579736030336483 0.6446608143085473 0.6557037505167652 0.6483358136215962 0.6532717656772475 0.6479034607612374
2 0.6647831605842975 0.6394725799842431 0.6685122040048913 0.6399049328446018 0.6702956595538708 0.6403372857049605 0.6712684534896779 0.6394725799842431 0.67386257065183 0.6390402271238844 0.6769430847818856 0.6377431685428083 0.6806721282024794 0.6370946392522703 0.6835905100099003 0.636878462822091 0.6868331564625906 0.6370946392522703 0.6881302150436666 0.6373108156824496 0.6881302150436666 0.6412019914256778 0.6792129372987687 0.6444446378783681 0.6779158787176927 0.6414181678558571 0.6751596292329061 0.6416343442860365 0.674186835297099 0.6440122850180093 0.6709441888444089 0.6463902257499821 0.6689986009727947 0.6483358136215962 0.6662423514880083 0.6492005193423135 0.6634861020032216 0.6466064021801614 0.6615405141316074 0.6386078742635257
2 0.6960746988527573 0.636878462822091 0.6986688160149095 0.6370946392522703 0.6952640372395849 0.6412019914256778 0.6938048463358742 0.6412019914256778
2 0.705478373565559 0.6386078742635257 0.7087210200182491 0.6383916978333464 0.7122879311162084 0.6373108156824496 0.7147199159557257 0.6360137571013736 0.7246099876364308 0.6319064049279661 0.727204104798583 0.6325549342185041 0.72817689873439 0.6360137571013736 0.7255827815722378 0.6405534621351398 0.7234750613779893 0.6446608143085473 0.7195838856347612 0.6429314028671125 0.7118015341483047 0.6424990500067538 0.706775432146635 0.6414181678558571 0.703532785693945 0.6401211092747812
2 0.6921622965313392 0.7520152113405695 0.6944807887450127 0.7467837417302293 0.7033980664899105 0.7467837417302293 0.7009012287213392 0.7520152113405695 0.6996528098370534 0.7555821224385286
2 0.769385921802155 0.8347675488132222 0.7718827595707265 0.8304872554956713 0.7763413984431754 0.8288226969832903 0.7832968750841958 0.8288226969832903 0.7849019850782775 0.8304872554956713 0.7841886028586856 0.8380966658379841 0.7783031995470531 0.846419458399889 0.7758063617784816 0.8454682821070996 0.7706343406864409 0.8399990184235624
2 0.7742012517844 0.85854695613295 0.774736288449094 0.8552178391081882 0.7790165817666448 0.8530776924494126 0.7811567284254204 0.8559312213277799 0.7804433462058286 0.8616382790845146 0.7790165817666448 0.8642540138896847 0.7761630528882776 0.8630650435236983 0.7750929795588898 0.8606871027917254
2 0.7028630298252166 0.8787594523547184 0.7037547575997065 0.875668129403154 0.7069649775878698 0.8749547471835623 0.7083917420270535 0.8763815116227458 0.7076783598074615 0.8794728345743104 0.7060732498133799 0.8806618049402968
2 0.8287749915831754 0.6973225745051956 0.8250297349303182 0.6878108115773045 0.8271698815890935 0.6782990486494136 0.8314501749066445 0.670214050160706 0.8400107615417467 0.670214050160706 0.8417942170907263 0.672829784965876 0.8482146570670528 0.6742565494050597 0.8549917881531752 0.677823460503019 0.8532083326041956 0.6868596352845153 0.8462528559631752 0.7089744840918623 0.8421509082005223 0.7025540441155358
2 0.8956678503846944 0.6295512636439716 0.8938843948357147 0.6240819999604342 0.8988780703728577 0.6219418533016587 0.9004831803669391 0.6276489110583933
2 0.9602289412577553 0.6626046398183931 0.9625474334714287 0.6568975820616584 0.9711080201065307 0.6500015539389374 0.9743182400946941 0.6535684650368965 0.9743182400946941 0.6611778753792095 0.9752099678691839 0.6683116975751279 0.9750316223142859 0.6756833138442434 0.9632608156910206 0.6740187553318626 0.9589805223734696 0.6692628738679169 0.9602289412577553 0.6666471390627469
2 0.9019099448061229 0.8076590244687325 0.9081520392275515 0.799574025980025 0.9126106781000004 0.8021897607851952 0.9156425525332657 0.8067078481759434 0.9165342803077556 0.8140794644450591 0.914572479203878 0.8224022570069637 0.9115406047706128 0.8238290214461473 0.9069036203432659 0.8228778451533583 0.8972729603787759 0.8178841696162155
2 0.9363306369014289 0.7950559385892768 0.9374007102308165 0.7910134393449231 0.9400758935542861 0.7912512334181204 0.9400758935542861 0.7948181445160796
2 0.9366873280112248 0.8383344599111814 0.9375790557857145 0.838096665837984 0.9386491291151023 0.8411879887895488 0.9384707835602044 0.8487973991318616 0.9352605635720411 0.846419458399889 0.935438909126939 0.8402368124967594
2 0.3770728444620283 0.5958519858514979 0.3835581373674086 0.596500515142036 0.3877735777559059 0.5969328680023946 0.3890706363369819 0.6012563966059814 0.3835581373674086 0.6036343373379542 0.3770728444620283 0.6001755144550848
2 0.40139269285720447 0.597797573723112 0.4064187948588742 0.5973652208627533 0.413066220086889 0.5973652208627533 0.4151739402811376 0.5995269851645467 0.39977136963085935 0.6019049258965196
2 0.44565481693642506 0.5949872801307805 0.4503566542928257 0.5943387508402425 0.4545720946813229 0.5941225744100631 0.4548963593265919 0.5958519858514979 0.45359930074551585 0.5993108087343674 0.44225003816110037 0.6016887494663401 0.44387136138744543 0.5949872801307805
2 0.4539235653907848 0.6150916881374594 0.45554488861713 0.6153078645676389 0.456193417907668 0.6183343345901496 0.45700407952084054 0.6217931574730191 0.45440996235868847 0.6233063924842744
2 0.4797026046896715 0.5943387508402425 0.48326951578763067 0.5932578686893457 0.48456657436870676 0.5945549272704218 0.48229672185182365 0.5969328680023946 0.48018900165757505 0.5969328680023946
1 0.5215327439293747 0.6503284462566923 0.5249375227046993 0.648166681954899 0.528666566125293 0.642546094770236 0.5341790650948662 0.647518152664361 0.538232373160729 0.6503284462566923 0.5307742863195415 0.6522740341283064 0.5239647287688921 0.6516255048377686
