1 0.7501501120930265 0.1243217421645168 0.7499539319826388 0.12118286039831273 0.7511310126449654 0.11804397863210868 0.7540737143007816 0.11647453774900664 0.757016415956598 0.11804397863210868 0.757801136398149 0.1235370217229658 0.7558393352942714 0.12641433000865285 0.7536813540800061 0.12641433000865285
1 0.8415700435337199 0.12327544824244879 0.8458860059622505 0.11725925819055767 0.84941724794923 0.11281250902176856 0.8527523098258218 0.11124306813866652 0.8576568125855158 0.11071992117763253 0.855891191592026 0.11333565598280257 0.8513790490531076 0.11542824382693864 0.850398148501169 0.11673611122952364 0.8488287076180667 0.11909027255417669 0.8466707264038016 0.12327544824244879 0.8435318446375974 0.12746062393072088 0.8403929628713933 0.12719905045020388
2 0.053557170135856855 0.7117384790010746 0.05493043090857115 0.7093843176764216 0.057284592233224185 0.7091227441959046 0.05787313256438745 0.7106921850790067 0.05787313256438745 0.7159236546893468 0.054538070687795634 0.7167083751308978
2 0.11515772479761162 0.8249997960649382 0.11810042645342794 0.8218609142987341 0.11927750711575447 0.8221224877792511 0.12065076788846875 0.8257845165064892 0.12065076788846875 0.8299696921947611 0.11672716568071366 0.8310159861168294
0 0.3152614373931208 0.7585601320136187 0.32271628158785537 0.7593448524551696 0.3287978650098758 0.7593448524551696 0.33684124953577377 0.7593448524551696 0.3488082362694267 0.7603911463772377 0.36018668267191645 0.7632684546629248 0.35410509924989614 0.7684999242732649 0.34920059649020224 0.7684999242732649 0.33017112578259 0.7656226159875779 0.3164385180554473 0.7619605872603397
2 0.39079077989240607 0.7658841894680948 0.39726472353520204 0.764314748584993 0.40570046828187534 0.7645763220655097 0.4164903743532019 0.7656226159875779 0.4253184793206508 0.7711156590784349 0.4166865544635897 0.7766087021692921 0.40334630695722234 0.7781781430523941 0.39569528265209997 0.7771318491303261 0.3900060594508551 0.768761497753782
2 0.46867428371634445 0.8639742446619719 0.4704399047098342 0.8621432302983529 0.47436350691758933 0.8621432302983529 0.47455968702797713 0.8658052590255909 0.4773062085734056 0.87286774299955 0.4763253080214669 0.876268198246271 0.47200934559293634 0.8770529186878222 0.46926282404750774 0.8760066247657541 0.46867428371634445 0.871821449077482 0.4702437245994466 0.871298302116448 0.4704399047098342 0.8699904347138631 0.4680857433851812 0.8668515529476589
2 0.5255665157287931 0.9134116324796858 0.5306671985988748 0.9121037650771009 0.5338060803650789 0.9141963529212369 0.5371411422416708 0.9128884855186518 0.5357678814689564 0.9105343241939988 0.5357678814689564 0.916027367284856 0.5320404593715891 0.920997263414679 0.5275283168326708 0.92178198385623 0.5251741555080177 0.920735689934162
2 0.6032872763803583 0.7474246681744598 0.6077994189192766 0.7476862416549769 0.6178046045490522 0.7476862416549769 0.6413462177955825 0.7466399477329088 0.6446812796721744 0.749517256018596 0.6340875537112357 0.752917711265317 0.626632709516501 0.752917711265317 0.6180007846594399 0.753440858226351 0.6113306609062562 0.753440858226351 0.6048567172634604 0.751348270382215
2 0.667438172477154 0.752917711265317 0.6766586376653784 0.752917711265317 0.6819555006458478 0.752132990823766 0.6927454067171743 0.751348270382215 0.6986308100288069 0.7508251234211809 0.7060856542235414 0.749517256018596 0.7160908398533169 0.7471630946939427 0.7251151249311536 0.7474246681744598 0.7266845658142558 0.7547487256289361 0.7270769260350312 0.7589339013172082 0.7233495039376637 0.7644269444080652 0.7180526409571946 0.7639037974470313 0.7119710575351741 0.7602417687197931 0.7000040708015212 0.7560565930315211 0.6952957481522151 0.7560565930315211 0.6907836056132968 0.757102886953589 0.6693999735810314 0.7591954747977251 0.6684190730290928 0.757364460434106
2 0.6813669603146845 0.8332207697840377 0.6833287614185619 0.8319129023814527 0.688233264178256 0.8298203145373166 0.6927454067171742 0.8300818880178337 0.6950995680418273 0.8332207697840377 0.6956881083729904 0.84002168027748 0.694511027710664 0.8452531498878199 0.6911759658340721 0.846561017290405 0.6811707802042968 0.8415911211605818 0.6797975194315824 0.8358365045892078
2 0.7884813005863982 0.8944289642250169 0.7939743436772553 0.8910285089782959 0.8008406475408266 0.8910285089782959 0.8055489701901327 0.8954752581470848 0.8014291878719899 0.8993988603548401 0.8000559270992756 0.9022761686405271 0.792601082904541 0.902799315601561 0.7892660210279492 0.898352566432772
2 0.8232051801250306 0.7401006107199837 0.8263440618912347 0.7385311698368817 0.8345836265275203 0.7380080228758475 0.8377225082937243 0.7437626394472219 0.8290905834366632 0.7476862416549769 0.8261478817808467 0.7474246681744598
1 0.822812819904255 0.7332997002265416 0.8253631613392959 0.7319918328239565 0.8320332850924795 0.7301608184603375 0.8343874464171325 0.7301608184603375 0.8341912663067448 0.7325149797849906 0.8271287823327856 0.7343459941486097
1 0.7702365503203371 0.7207441731617255 0.7702365503203371 0.7165589974734533 0.7714136309826636 0.7157742770319022 0.7731792519761533 0.7194363057591404 0.7725907116449902 0.7244062018889637 0.7698441900995615 0.7249293488499974
2 0.8185831670018772 0.5674203659031124 0.8239335336488157 0.5662313955371261 0.827322099191877 0.5662313955371261 0.8248252614233057 0.5705116888546771 0.8221500780998363 0.5705116888546771
2 0.3386623598348893 0.6178181481950433 0.3429501567971242 0.6169248571612443 0.34804191568977816 0.6162102243342052 0.35058779513610516 0.6178181481950433 0.35058779513610516 0.6240711854316359 0.3365184613537719 0.6226419197775576 0.33732242328419093 0.6176394899882834
2 0.22854991755066262 0.8991316050713981 0.2303620030437183 0.8972524053008217 0.23277811703445925 0.8975208624109042 0.23277811703445925 0.9028900046125508 0.23056334587628005 0.9040980616079212 0.22834857471810086 0.9008765762869332
1 0.601022388041377 0.5748073291248793 0.60253245928559 0.5731965864643853 0.6047472304437692 0.5734650435744677 0.6063579731042632 0.5749415576799205 0.6054519303577353 0.5773576716706614 0.603337830615837 0.5778945858908261 0.6013244022902196 0.5777603573357849
