2 0.3565481482687322 0.01799957744277254 0.3648777399576748 0.014935819580172958 0.37780296844051686 0.01302097091604822 0.39245156072107107 0.01455284984734801 0.3878559239271717 0.021829274771022016 0.38182415063517877 0.023361153702321804 0.37292010434699874 0.024893032633621595 0.3648777399576748 0.022212244503846967
1 0.3368505273411617 0.1214224096559939 0.3368505273411617 0.11883283219887555 0.33965590291970654 0.11883283219887555 0.3400874991625596 0.12113467882742521 0.3400874991625596 0.12458744877024966 0.33879271043400044 0.12458744877024966
1 0.37547839107651043 0.11739417805603201 0.3808733441121737 0.11336594645607014 0.38173653659787976 0.11796963971316946 0.38152073847645324 0.12113467882742521 0.3780679685336288 0.12113467882742521 0.3752625929550838 0.12055921717028778
1 0.379961881386728 0.3634624062047266 0.3800836938004279 0.3605389082759301 0.3821545048333254 0.35842749310513256 0.3839816910388232 0.3576154103471335 0.38495619034842204 0.3590771593115318 0.38495619034842204 0.3616758241371286 0.38495619034842204 0.3654114048239243 0.3839816910388232 0.3662234875819233 0.3826417544881248 0.3668731537883225 0.3805709434552272 0.36654832068512294 0.37959644414562843 0.3660610710303235
1 0.3832508165566241 0.4047162103110776 0.38300719172922437 0.40179271238228104 0.38495619034842204 0.40130546272748163 0.3859306896580209 0.40130546272748163 0.3864179393128203 0.4047162103110776 0.3861743144854206 0.40617795927547584
1 0.3250244828080932 0.3829523923967034 0.3258771697039922 0.3792168117099079 0.3269734814272909 0.37937922826150766 0.32746073108209034 0.3821403096387044 0.32709529384099073 0.3847389744643014 0.32685166901359103 0.38652555653189924 0.3255117324628926 0.38798730549629745 0.32417179591219425 0.38798730549629745 0.32307548418889553 0.38701280618669853
1 0.4428153651577361 0.3331613885488942 0.4432173461229457 0.33012419903397794 0.4449592636388536 0.3281589587596202 0.44683517480983137 0.3292309080001789 0.4461652065344822 0.3320894393083355 0.4445572826736441 0.33280407213537466
1 0.5084722561419581 0.3633546254912984 0.5092762180723771 0.36281865087101905 0.5104821609680058 0.3622826762507397 0.5099461863477265 0.36674913141973436 0.5067303386260502 0.36710644783325397
2 0.4753758233397074 0.3924759131931438 0.4753758233397074 0.388902749057948 0.4772517345106852 0.3919399385728644 0.47832368375124384 0.3931905460201829 0.47912764568166305 0.3960490773283396 0.4796636203019423 0.39944358325677565 0.4814055378178502 0.4035527220122506 0.483281448988828 0.4087338100082845 0.4851573601598058 0.4132002651772792 0.4863633030554344 0.4174880621395141 0.4878372332612026 0.41981061882739135 0.4890431761568311 0.42231183372202835 0.4894451571220407 0.4253490232369448 0.4868992776757138 0.42659963068426326 0.48368342995403746 0.4224904919287881 0.4826114807134788 0.41677342931247485 0.4810035568526408 0.40801917718124536 0.47872566471645345 0.40230211456493215 0.47658176623533594 0.3978356593959374 0.47443786775421853 0.3946198116742613
2 0.5084722561419581 0.43803375591688964 0.5099461863477264 0.43624717384929185 0.513564015034612 0.4385697305371691 0.5154399262055899 0.44178557825884524 0.5173158373765676 0.4457160588075606 0.5131620340694025 0.44303618570616377 0.511152129243355 0.4407136290182866 0.5095442053825168 0.4396416797777277
2 0.5580499085177992 0.3472753868829174 0.5579159148627293 0.3453101466085598 0.5593898450684976 0.34441685557476087 0.559925819688777 0.34673941226263805 0.5597918260337071 0.34870465253699573
2 0.5348830690658519 0.22450045106514221 0.5349938076237609 0.22287628554914415 0.5361011932028504 0.2219903770858725 0.5366548859923953 0.22361454260187055 0.5369871016661222 0.22641991940223086 0.5372085787819401 0.22745347927604784
2 0.4108558842078175 0.22376219401241584 0.41273843969226964 0.22361454260187055 0.41572838075581164 0.2219903770858725 0.4170572434507191 0.22228567990696305 0.41506394940835784 0.22553401093895922 0.4136243481555414 0.22568166234950449 0.4128491782501787 0.22568166234950449
2 0.36545847437066753 0.6417926846789183 0.36335444177039733 0.6392826106996485 0.3653477358127586 0.6350007197938354 0.3674517684130288 0.63485306838329 0.3693343238974811 0.6410544276261919 0.37033097091866174 0.6448933643003691 0.37287795775056787 0.6502088150799992 0.3733209119822037 0.6539001003436311 0.3683376768763005 0.6507994207221803 0.3671195527393019 0.6459269241741861
1 0.3251308151263937 0.5745402561096398 0.3250476156088062 0.5712122754061398 0.32687800499573116 0.5704357465753233 0.32687800499573116 0.5729871984480065 0.3260460098198561 0.5749839868701064
1 0.3160620677093565 0.623905303211555 0.3160620677093565 0.6234615724510884 0.31722686095558145 0.6247927647324883 0.31706046192040643 0.6263458223941215 0.315978868191769 0.6262348897040049
2 0.4480254861146447 0.9020839362809305 0.44791474755673577 0.8995738623016608 0.4502402572728239 0.8982449996067533 0.4506832115044597 0.9004597707649324 0.4514583814098225 0.9051846159023814
0 0.3959783638974338 0.957305563824865 0.3956461482237069 0.9509565531714179 0.39575688678161586 0.9491847362448744 0.3976394422660682 0.9509565531714179 0.3975287037081593 0.9539095813823236 0.3975287037081593 0.962621014604495 0.3975287037081593 0.9643928315310384 0.3975287037081593 0.9708894935950306 0.39642131812906967 0.9745807788586626 0.39575688678161586 0.97310426475321 0.39575688678161586 0.9688223738473968 0.39575688678161586 0.9643928315310384
