2 0.1089766364534502 0.10809175464654693 0.1116159685257988 0.10679524064609498 0.11508877388415223 0.10679524064609498 0.11564442274148877 0.10938826864699887 0.11258835402613779 0.11364824321991243 0.1089766364534502 0.11198129664790278 0.10758751431010884 0.10883261978966234
2 0.17954404133519197 0.11827865036438366 0.18065533904986505 0.11753778522126827 0.18510052990855747 0.11698213636393173 0.18357249555088198 0.12105689465106644 0.17954404133519197 0.12605773436709536 0.17759927033451406 0.12383513893774917 0.17759927033451406 0.12050124579372985 0.1781549191918506 0.11920473179327792
2 0.18662856426623298 0.11790821779282597 0.1889900719099133 0.11753778522126827 0.19204614062526432 0.1186490829359414 0.19246287726826672 0.12346470636619147 0.19010136962458643 0.12402035522352803 0.18690638869490125 0.1221681923657395
1 0.17370972833315823 0.1977364369635102 0.17759927033451406 0.19588427410572176 0.1778770947631823 0.1997738161070776 0.17523776269083374 0.1997738161070776
2 0.11772810595650085 0.1603227472361826 0.12189547238652496 0.15680363780638443 0.12689631210255392 0.15439582609125937 0.12786869760289288 0.15439582609125937 0.12800760981722703 0.15847058437839406 0.12772978538855875 0.16236012637974992 0.12120091131485429 0.16236012637974992 0.11870049145683981 0.16310099152286528 0.1167557204561619 0.16254534266552878
1 0.15203942289703276 0.16717574981000002 0.15342854504037415 0.1621749100939711 0.15565114046972034 0.16254534266552878 0.1557900526840545 0.1655088032379904 0.15301180839737175 0.16884269638200966
2 0.16787541533112443 0.10668458060861746 0.17009801076047062 0.10464720146505012 0.17232060618981682 0.10649936432283863 0.1720427817611486 0.11112977146730987 0.16606955654478064 0.10872195975218484
2 0.17440428940482888 0.10131330832103083 0.17759927033451406 0.10131330832103083 0.17898839247785542 0.1026098223214828 0.17871056804918717 0.10520285032238669 0.17648797261984098 0.10612893175128094 0.17412646497616063 0.10612893175128094 0.17301516726148755 0.10557328289394437 0.17245951840415097 0.10168374089258853
2 0.13384943147491968 0.16644905016410644 0.13508285732448172 0.1646779771493507 0.13707531446608193 0.1637924406419728 0.1375497090236058 0.16619603973342706 0.13669579882006286 0.1677141023175034 0.13593676752802467 0.16847313360954158 0.13489309950147219 0.16923216490157977 0.1337545525634149 0.16923216490157977 0.13346991582890058 0.1678406075328431
2 0.1385933770501583 0.182894728158267 0.13935240834219648 0.1825152125122479 0.13973192398821557 0.1826417177275876 0.14106022874928237 0.18365375945030518 0.14106022874928237 0.1863103689724388 0.14001656072272986 0.1859308533264197 0.13925752943069172 0.18466580117302275 0.1372650722890915 0.18125016035885091 0.13745483011210102 0.1826417177275876
2 0.2987470671951824 0.617446699091324 0.30010383562970067 0.6093756663526514 0.30396540732794486 0.6054793057201887 0.30970558147398364 0.601582945087726 0.31398462038284886 0.6018612565614734 0.3115841839217781 0.605340149983315 0.3064702105916709 0.6072883302995464 0.3053221757624632 0.6082624204576621 0.30323483970935816 0.6118804696163773 0.30198243807749514 0.613272026985114 0.3002082024323559 0.6181424777756923 0.2970771983526984 0.6198123466181763
1 0.3016693376695294 0.7432434852251181 0.3048003417491869 0.7428260180144971 0.30803571263149965 0.7428260180144971 0.3099143150792941 0.7428260180144971 0.30970558147398364 0.7470006901207072 0.29947763481376916 0.7461657556994652 0.30041693603766645 0.7431043294882446
2 0.3308920424129993 0.690781772423746 0.3321444440448623 0.6900859937393777 0.3330837452687595 0.6900859937393777 0.3331881120714148 0.693704042898093
2 0.44118671309734564 0.5342267144890233 0.4430235688240781 0.5300937891038753 0.44382719320452346 0.524124007991995 0.4479601185896714 0.5213687244018964 0.4511746161114531 0.5219810096441405 0.45484832756491783 0.5265731489609715 0.45725920070625414 0.5303999317249973 0.4598996808134319 0.5363697128368777 0.4595552703646696 0.5417272087065138 0.45875164598422413 0.5449417062282954 0.449682170833483 0.5495338455451265 0.4478453151067506 0.5484623463711993 0.4442864071362066 0.5458601340916617 0.4419903374777911 0.5431048505015631 0.44049789219982105 0.5360635702157556
2 0.46322898181813443 0.4220254438477861 0.4633437853010552 0.41988244549993164 0.4664434793399161 0.4186578750154433 0.4693135664129355 0.41988244549993164 0.4693135664129355 0.42370922826395746 0.4641474096815006 0.42738293971742225 0.46196614350600596 0.4240153708850795 0.4620809469889267 0.4224846577794692
2 0.4598318847820499 0.8836658039736149 0.4635890896776388 0.8817176236573836 0.46713756096791736 0.8813001564467626 0.47381703633785327 0.8775429515511736 0.47746987443078703 0.8821350908680046 0.47726114082547655 0.8856139842898462 0.475382538377682 0.8886754105010668 0.47454760395644 0.8920151481860349 0.47413013674581905 0.8953548858710029 0.4731908355219218 0.8977205333978552 0.47016419824491956 0.8986946235559707 0.46838996259978033 0.8968855989766132 0.46745066137588304 0.8939633285022661 0.4669288273626069 0.8918759924491613 0.46640699334933056 0.88992781213293 0.4648414913095018 0.88992781213293 0.4633803560723283 0.88992781213293 0.4596231511767393 0.88992781213293 0.4585794831501868 0.8874230088692039 0.45910131716346314 0.8850573613423517
2 0.5259322957566511 0.8938600528241661 0.5289511702136211 0.8934000338592947 0.5341263835684269 0.892825010153205 0.5341263835684269 0.8950101002363453 0.5341263835684269 0.8993802804026259 0.5267948313157855 0.9007603372972407 0.5245522388620363 0.8984602424728826 0.5250697601975169 0.896620166613396
1 0.545166838725346 0.9542375419635668 0.5463743885081339 0.9523974661040804 0.546978163399528 0.9578026889413218 0.5465468956199608 0.9606778074717696 0.5443043031662116 0.9561926225642714
2 0.57871947197567 0.9331916743206901 0.5804445430939386 0.9304315605314603 0.5844122066659563 0.9293965178604993 0.5832909104390818 0.9358367833687018 0.5810483179853325 0.9352617596626125 0.5792369933111505 0.9345717312153049
2 0.5964139321897188 0.7848482318640315 0.5991274690587555 0.7847090761271577 0.6033021411649654 0.7849873876009049 0.6070593460605545 0.7849873876009049 0.6081030140871069 0.7872138793908836 0.6081030140871069 0.7936150432870722 0.6067462456525886 0.7991812727620189 0.5987100018481344 0.7947282891820616 0.5971444998083056 0.7934758875501986 0.5944309629392691 0.7911102400233463 0.5934916617153719 0.78707472365401 0.5952658973605112 0.785822322022147
2 0.6310637106712619 0.7998770514463874 0.6344034483562297 0.7994595842357665 0.6364907844093348 0.794589133445188 0.6398305220943028 0.7925017973920829 0.6436920937925471 0.7925017973920829 0.6467187310695492 0.795006600655809 0.6482842331093779 0.79959873997264 0.6482842331093779 0.8044691907632182 0.6476580322934465 0.8096179530275439 0.6450488622270654 0.8132360021862592 0.6439008273978576 0.818384764450585 0.6439008273978576 0.8239509939255315 0.6388912208704055 0.8274298873473732 0.6330466799217116 0.8250642398205208 0.6282458069995701 0.8214461906618056 0.6269934053677071 0.8192196988718269 0.6256366369331888 0.8167148956081011 0.6255322701305336 0.8126793792387645 0.6267846717623966 0.8051649694475868 0.6304375098553303 0.8018252317626187
2 0.670827462482912 0.7901361498652306 0.6705143620749463 0.7873530351277573 0.6717667637068092 0.7852656990746525 0.6735409993519483 0.7862397892327679 0.6739584665625695 0.7894403711808623 0.6739584665625695 0.7926409531289567 0.6713492964961884 0.7936150432870722 0.6706187288776015 0.7930584203395776 0.6705143620749463 0.7923626416552093
2 0.7019426314739355 0.8758796447982775 0.7027980386400191 0.8729332423373228 0.7044375690416794 0.8730282875779989 0.705079124416242 0.8754044185948976 0.705079124416242 0.8785409115372041 0.7048652726247212 0.8803467711100474
0 0.8108544108337209 0.7244547630388538 0.81309700328747 0.7216946492496241 0.8138732852906909 0.7239947440739823 0.8138732852906909 0.7254898057098151 0.8116306928369419 0.7283649242402626 0.8107681572778076 0.730320004840967 0.8061104652584823 0.736645265607952 0.8043853941402136 0.7373352940552593 0.7974851096671393 0.7396353888796174 0.7956737849929574 0.7398653983620533 0.7948975029897363 0.7382553319850025 0.7974851096671393 0.7360702419018623 0.7999002092327154 0.735380213454555 0.8033503514692526 0.7334251328538506 0.8071455079294434 0.730435009582185 0.8084393112681449 0.7272148768280836
2 0.8202560484282846 0.6764977859509871 0.8212048375433324 0.6746577100915006 0.8226711479938607 0.6746577100915006 0.8228436551056876 0.6760377669861154 0.8208598233196789 0.6810979755997033 0.8194797664250639 0.6808679661172675 0.8194797664250639 0.6776478333631661
1 0.868299279072065 0.715829407447511 0.8694205752989395 0.7139893315880245 0.8701106037462469 0.7155993979650751 0.8699380966344201 0.7181295022718692 0.8676092506247575 0.7174394738245615
1 0.784424320852984 0.6072676222522425 0.7850505216689154 0.6058760648835059 0.7879727921432625 0.6053194419360112 0.787764058537952 0.6096332697790949 0.786094189695468 0.6094941140422212
1 0.4775847583731504 0.1501675723640749 0.4779291688219128 0.14634078960004912 0.47976602454864514 0.1509329289168801 0.479306810616962 0.15322899857529557 0.4779291688219128 0.15322899857529557
1 0.5064004325862649 0.13133980116506788 0.507318860449631 0.12873758888553033 0.5121406067323037 0.1281253036432862 0.510418554488492 0.1340950847551665 0.508352091795918 0.13424815606572751 0.507318860449631 0.13424815606572751
2 0.46736724839320154 0.01392948926105399 0.46713764142736003 0.0107149917392723 0.46713764142736003 0.006888208975246478 0.4732222260221611 0.007041280285807512 0.4735666364709234 0.012092633534321596 0.4735666364709234 0.013317204018809859 0.4726482086075572 0.01392948926105399
1 0.5905513855671927 0.24368952641316433 0.5930770621914496 0.24292416986035917 0.5956027388157067 0.24399566903428635 0.5958323457815483 0.24812859441943427 0.5941102935377366 0.2493531649039225 0.5911254029817965 0.24996545014616667 0.5897477611867473 0.24889395097223943
2 0.551173790925367 0.2969583424884038 0.5525514327204163 0.2914477753082066 0.5652946193246222 0.283947281090716 0.5722976317827895 0.28578413681744835 0.5737900770607596 0.28961091958147417 0.5748233084070465 0.297723699041209 0.5749381118899674 0.3029281236002841 0.5739048805436804 0.30752026291711504 0.5739048805436804 0.31287775878675117 0.5610468904565536 0.31394925796067846 0.5558807337251188 0.31134704568114085 0.5542734849642279 0.30767333422767607 0.552207022271654 0.3013974104946737 0.5516330048570501 0.29833598428345304
2 0.5958323457815483 0.3254296062527559 0.5995060572350132 0.3223681800415352 0.6039833930689233 0.3203782530042417 0.6053610348639726 0.3203782530042417 0.6062794627273388 0.3271133906689272 0.5998504676837754 0.33507309881810093 0.595487935332786 0.32803181853229346 0.595487935332786 0.3272664619794882
2 0.8231618458684286 0.13126938733412238 0.8259062771929467 0.12917839203925138 0.8266119881049657 0.12959659109822558 0.8266904004285235 0.133464932393737 0.8248085046631395 0.13356948215848052 0.8237891444568899 0.13356948215848052
2 0.8363351162261159 0.14141071451424686 0.8372760641088078 0.1410970652200162 0.8381385996679422 0.14120161498475975 0.8386090736092882 0.14161981404373394 0.8379033626972692 0.1453836055745018 0.8359430546083275 0.14371080933860497
1 0.8555420132439367 0.09748368673253681 0.856602435350652 0.09473444423364553 0.8581930685107249 0.09473444423364553 0.8590767535996541 0.09874048330345853 0.8555420132439367 0.10078277773120634 0.8556009255831988 0.09826918458936289 0.8555420132439367 0.09669818887571074
1 0.8047006644608689 0.10203957430212807 0.8058789112461081 0.09968308073164982 0.8064091222994656 0.09968308073164982 0.8068215086742994 0.10243232323054109 0.8068215086742994 0.10478881680101933 0.8055254372105364 0.1065954618717193 0.8051130508357026 0.1045531674439715
1 0.9544430880487296 0.10226983629571224 0.9548319094878586 0.09959128860393532 0.9561927845248096 0.09915926478268097 0.9569056238298793 0.09915926478268097 0.9572296416958201 0.10062814577494575 0.9571000345494437 0.10201062200295963 0.9558687666588689 0.10399793158072962 0.9548967130610467 0.10391152681647874
2 0.7972247914758661 0.2576270998106951 0.7992112361408442 0.25660841023891146 0.7998224498839146 0.2570158860676249 0.7998224498839146 0.2606831685260461 0.7973775949116336 0.2621093339265433 0.796613577732796 0.26129438226911633
2 0.846389069497851 0.266984981121133 0.8474868420276584 0.26625313276792817 0.8502312733521766 0.26625313276792817 0.8490550884988116 0.270016924298696 0.8481925529396773 0.26970327500446534
2 0.8258450407257434 0.3628571153909692 0.8267075762848775 0.3604524708018675 0.829138358315165 0.3604524708018675 0.8300793061978573 0.36128886891981593 0.829608832256511 0.3636935135089176 0.8265507516377624 0.3651572102153273
2 0.8452912969680437 0.3795850777499373 0.8467027187920817 0.37927142845570666 0.8479573159690043 0.3762394852781437 0.8494471501166 0.375925835983913 0.8518779321468873 0.37488033833647755 0.8537598279122713 0.37603038574865655 0.8539950648829443 0.3787486796319889 0.8547007757949633 0.3824079213980132 0.8550928374127517 0.3855444143403197 0.8551712497363093 0.3886809072826263 0.855014425089194 0.39223559928390694 0.8539950648829443 0.3950584429319829 0.8532893539709253 0.397358537756341 0.8517995198233298 0.39892678422749417 0.8492119131459268 0.39714943822685383 0.8476436666747736 0.3955811917557006 0.8459185955565051 0.3909810021069844 0.8449776476738131 0.38627626269352455 0.8451344723209283 0.3842898171633971 0.8451344723209283 0.3812578739858342
1 0.8797927193334155 0.3556431816236641 0.8812041411574535 0.3556431816236641 0.8829292122757221 0.3556431816236641 0.8841053971290872 0.3556431816236641 0.8830076245992796 0.3570023285653303 0.8806552548925499 0.35773417691853515 0.8794790700391849 0.3576296271537916 0.8788517714507236 0.35679322903584315
2 0.8822235013637032 0.37791228151404044 0.8832428615699528 0.37697133363134855 0.8841838094526447 0.37697133363134855 0.8842622217762025 0.378957779161476 0.8838701601584141 0.38115332422109055 0.8824587383343762 0.3812578739858341 0.8817530274223572 0.3807351251621164 0.8819882643930302 0.37916687869096305 0.8824587383343762 0.37916687869096305
2 0.8194936425175727 0.4228686803537673 0.822002836871418 0.4205685855294092 0.8230221970776674 0.42297323011851085 0.8192584055468997 0.42746887000248357 0.8183174576642077 0.4259006235313303
2 0.8071044953954618 0.46228394166208603 0.8089079788372883 0.45987929707298436 0.8096921020728648 0.45987929707298436 0.810554637631999 0.4606111454261892 0.8106330499555567 0.4621793918973425 0.8082022679252691 0.4662568327223409 0.8067124337776735 0.46468858625118764
2 0.8409624916101615 0.8470480983076737 0.8403362907942299 0.8425951147277165 0.8417974260314034 0.8423168032539692 0.8443022292951295 0.8434300491489585 0.8452415305190266 0.8459348524126845 0.8457633645323029 0.8503878359926418 0.8453458973216819 0.8521968605719995 0.8435716616765425 0.8517793933613785 0.8415886924260928 0.8484396556764104
1 0.8856314831466082 0.8371680409896435 0.8856314831466082 0.8321584344621914 0.8865707843705054 0.8296536311984655 0.8876144523970579 0.8300710984090864 0.8880319196076789 0.835219860673412 0.8881362864103344 0.8363331065684014 0.8881362864103344 0.8406469344114851 0.8879275528050237 0.8460740081495581 0.8871969851864369 0.8533101064669887 0.8857358499492635 0.8474655655182947 0.8850052823306769 0.8430125819383375 0.8855271163439528 0.8385595983583801
1 0.8861533171598847 0.9004839012671617 0.8862576839625398 0.896587540634699 0.8865707843705056 0.8929694914759837 0.8884493868183 0.8954742947397097 0.8884493868183 0.898257409477183 0.8882406532129895 0.9017363028990246 0.8856314831466082 0.9017363028990246
1 0.8836485138961585 0.9089724012164554 0.8842747147120901 0.9085549340058343 0.8851096491333321 0.9085549340058343 0.8857358499492637 0.9089724012164554 0.8857358499492637 0.911198893006434 0.8844834483174004 0.912451294638297 0.8833354134881928 0.912451294638297
1 0.910244549716485 0.8971441635821936 0.9104532833217956 0.8924128685284889 0.9125406193749006 0.8925520242653626 0.9123318857695902 0.8961700734240778
1 0.9165065578758003 0.9067459094264766 0.9164021910731449 0.9042411061627504 0.917237125494387 0.9010405242146562 0.9182807935209395 0.9014579914252772 0.9183851603235946 0.906189286478982 0.9185938939289052 0.9081374667952133 0.9185938939289052 0.9110597372695601 0.9174458590996974 0.9095290241639498
1 0.8785170417092893 0.9287325158525158 0.881752412591602 0.9287325158525158 0.8832135478287755 0.931098163379368 0.8789345089199103 0.9308198519056209
2 0.8857681787958853 0.4749741783128789 0.8867091266785772 0.4723604341942902 0.8880421361790574 0.4723604341942902 0.8873364252670385 0.4762287754898016
2 0.8776917094694459 0.5178395818577348 0.8778485341165613 0.5160622358570944 0.8786326573521379 0.5160622358570944 0.8791031312934838 0.5165849846808122 0.8791031312934838 0.5184668804461962 0.8773780601752152 0.5189896292699139
2 0.845307419840131 0.5393768333949063 0.8463267800463806 0.5384358855122143 0.8471893156055149 0.5384358855122143 0.8474245525761879 0.5390631841006757 0.8456210691343616 0.5408405301013159 0.8441312349867661 0.5398995822186241
