2 0.2498219599497222 0.25901613060247053 0.25556650594209646 0.25588274187935733 0.2579165474844313 0.2597124392076068 0.2579165474844313 0.2649347537461288 0.2568720845767269 0.26946075967951455 0.24851638131509174 0.2722459941000596 0.24799414986123947 0.2677199881666739
2 0.33285676111222223 0.3286469911160974 0.3357290341084093 0.3216839050647347 0.3419958115546357 0.3213357507621666 0.3422569272815618 0.32446913948527983 0.3422569272815618 0.3335211513520513 0.3354679183814832 0.338047157285437 0.33337899256607445 0.3338693056546195
2 0.2916004762578983 0.39827785162972423 0.29342828634638096 0.3930555370912023 0.296039443615642 0.3909666112757934 0.2989117166118291 0.3909666112757934 0.3002172952464597 0.3979296973271561 0.3054396097849816 0.40663355489135944 0.30413403115035115 0.413248486640154 0.2952560964348637 0.41638187536326726 0.29212270771175053 0.4115077151273133 0.29055601335019393 0.40663355489135944 0.29003378189634166 0.40280385756310993
2 0.2673167136537709 0.4877535073897347 0.27280014391921903 0.4846201186666215 0.2756724169154061 0.48322750145634896 0.27776134273081493 0.48322750145634896 0.27828357418466715 0.49019058750771166 0.2775002270038889 0.4971536735590744 0.2720167967384407 0.49576105634880185 0.26836117656147535 0.49541290204623356
2 0.24486076113812627 0.5330135667235921 0.24773303413431338 0.5284875607902063 0.24929972849587004 0.5284875607902063 0.24956084422279612 0.5354506468415691 0.24799414986123947 0.5375395726569778 0.2453829925919785 0.5375395726569778
2 0.2720167967384407 0.5511175904571352 0.27541130118848 0.5504212818519989 0.2767168798231106 0.5521620533648396 0.27619464836925833 0.5549472877853846 0.2741057225538496 0.5552954420879528
1 0.2638001679861208 0.5481464160335715 0.26402164510193876 0.5462269476964828 0.2660149391443 0.5462269476964828 0.266125677702209 0.5474081589808452 0.266125677702209 0.5500658843706602 0.2660149391443 0.5510994442444771 0.2644645993335746 0.5502135357812055 0.2644645993335746 0.5490323244968432
2 0.017852390045285625 0.6612049269939609 0.021775992253040707 0.661466500474478 0.02216835247381621 0.6646053822406819 0.020402731480326425 0.666174823123784 0.016675309382959098 0.6632975148380971
2 0.024130153577693755 0.665128529201716 0.02530723424002028 0.6648669557211988 0.026484314902346803 0.666436396604301 0.02687667512312231 0.6693137048899881 0.026091954681571293 0.6716678662146411 0.02216835247381621 0.666174823123784
2 0.1175118861222647 0.6666979700848181 0.12123930821963202 0.66565167616275 0.12300492921312181 0.668528984448437 0.11868896678459122 0.6711447192536071
2 0.13261775462212178 0.669575278370505 0.13399101539483604 0.6740220275392942 0.131636854070183 0.6737604540587772
2 0.12928269274552995 0.6125522596177979 0.13144067395979525 0.6117675391762469 0.13261775462212178 0.616475861825553 0.13026359329746873 0.617783729228138 0.12869415241436669 0.6154295679034849
2 0.1830360429917746 0.6075823634879748 0.18480166398526435 0.6060129226048727 0.18695964519952965 0.6060129226048727 0.1846054838748766 0.6107212452541788 0.18342840321255008 0.6109828187346958 0.18225132255022358 0.6107212452541788
1 0.09455881320689748 0.6099365248126278 0.09632443420038726 0.6070592165269407 0.09769769497310155 0.6070592165269407 0.09789387508348929 0.6115059656957299 0.0975015148627138 0.6169990087865871 0.09553971375883624 0.6175221557476209 0.09455881320689748 0.613860127020383
2 0.3270757186563004 0.5814638608624418 0.3302859386444637 0.5809882727160472 0.3326044308581372 0.5812260667892445 0.3326044308581372 0.5852685660335981 0.3317127030836474 0.5866953304727819 0.32957255642487193 0.5866953304727819
2 0.4203504438679326 0.6768192842145502 0.4230256271914021 0.6768192842145502 0.42445239163058573 0.6789594308733258 0.4237390094109939 0.6810995775321012 0.4210638260875246 0.6810995775321012 0.4199937527581367 0.6796728130929175
2 0.4308728316069122 0.6810995775321012 0.4339047060401775 0.6813373716052985 0.4339047060401775 0.6851420767764549 0.43319132382058567 0.687044429362033 0.42962441272262647 0.6856176649228494 0.4287326849481367 0.6830019301176794
2 0.4547711359632386 0.6994097211682916 0.4561979004024222 0.6994097211682916 0.45726797373181 0.7025010441198561 0.45726797373181 0.7039278085590398 0.45584120929262634 0.7039278085590398
2 0.4701088536844631 0.7103482485353664 0.47242734589813645 0.7096348663157745 0.47510252922160584 0.710110454462169 0.47510252922160584 0.71439074777972 0.4708222359040549 0.71439074777972
2 0.4820580058626262 0.6789594308733256 0.48312807919201395 0.6791972249465229 0.48366311585670785 0.6841909004836657 0.4843764980762997 0.6908491345331895 0.4843764980762997 0.6927514871187678 0.4843764980762997 0.6970317804363187 0.48401980696650376 0.7017876619002643 0.48312807919201395 0.7072569255838016 0.4806312414234426 0.7051167789250262 0.48045289586854456 0.703214426339448 0.48045289586854456 0.697269574509516 0.48134462364303443 0.6937026634115568 0.4818796603077282 0.6898979582404005 0.4818796603077282 0.687044429362033 0.48134462364303443 0.6834775182640739
2 0.5248609390381362 0.7017876619002643 0.5262877034773198 0.7003608974610807 0.5284278501360954 0.7003608974610807 0.5282495045811973 0.7020254559734618 0.5275361223616055 0.7060679552178154 0.5264660490322178 0.7091592781693798 0.5243259023734422 0.7084458959497881 0.5234341745989526 0.705116778925026
2 0.3514344456147784 0.029724259149659708 0.3574981944813089 0.030437641369251544 0.3640969800125334 0.03590690505278893 0.3764028233004925 0.04232734502911542 0.3849634099355945 0.04589425612707458 0.39334565101579855 0.05088793166421742 0.4056514943037577 0.05635719534775481 0.40993178762130866 0.06016190051891125 0.4024412743155944 0.06111307681170035 0.3945940699000843 0.05921072422612214 0.3887086665884516 0.053028078322992916 0.3806831166180435 0.05255249017659836 0.3764028233004925 0.05088793166421742 0.370160728879064 0.046369844273469144 0.3635619433478395 0.04208955095591815 0.35517970226763546 0.03685808134557804 0.35232617338926814 0.03376675839401343
2 0.4184923742564106 0.03067543544244882 0.4234860497935534 0.03257778802802704 0.42544785089743103 0.03257778802802704 0.4302631808796759 0.036382493199183484 0.43329505531294116 0.03709587541877532 0.43757534863049213 0.04090058058993176 0.4431040608323289 0.04304072724870726 0.4484544274792676 0.04399190354149637 0.45291306635171663 0.0468454324198637 0.45487486745559413 0.049223373151836475 0.46040357965743084 0.053028078322992916 0.46611063741416553 0.05350366646938747 0.4698558940670226 0.0554060190549657 0.47484956960416547 0.05730837164054393 0.47716806181783894 0.062064253104489465 0.4709259673964104 0.06325322347047586 0.46753740185334913 0.05992410644571397 0.464148836310288 0.05802175386013575 0.4563016318947778 0.056832783494149365 0.4491678096988594 0.05255249017659836 0.44613593526559414 0.05065013759102015 0.43989384084416566 0.046369844273469144 0.43079821754436975 0.04208955095591815 0.4184923742564106 0.036620287272380765
1 0.4452893632599245 0.09118447895615885 0.4471197526468495 0.08974235398464221 0.4486173439634244 0.08996421936487554 0.4486173439634244 0.09240473854744215 0.445705360847862 0.09329220006837545
