2 0.017911244078401944 0.7375433283647268 0.01165309855703259 0.7317887117933526 0.008847722978487708 0.7234445177648603 0.009279319221340768 0.7162512470506425 0.011868896678459119 0.7110720921364059 0.015105868499857062 0.7067561297078752 0.02481678396405089 0.7041665522507569 0.02287460087121213 0.7081947838507188 0.026543168935463126 0.7113598229649745 0.02826955390687536 0.7119352846221119 0.03215392009255289 0.7122230154506807 0.03495929567109777 0.7130862079363868 0.03431190130681818 0.7194162861648983 0.03172232384969983 0.7260340952219786 0.030211736999714123 0.7317887117933526 0.0241693895997713 0.7378310591932956 0.02028502341409377 0.7381187900218642
2 0.08610345044918527 0.8405509649923235 0.0878298354205975 0.8385368491923425 0.08977201851343626 0.8359472717352241 0.09473537530624643 0.8342208867638121 0.09926713585620356 0.8356595409066556 0.10077772270618926 0.8385368491923425 0.10423049264901373 0.8471687740494037 0.10271990579902802 0.8511970056493656 0.10077772270618926 0.8572393530493084 0.09646176027765867 0.8589657380207207 0.08739823917774442 0.8572393530493084 0.08631924857061177 0.8529233906207778 0.08545605608490567 0.8486074281922472
2 0.14048457704867068 0.6992751281650889 0.14005298080581763 0.6915063957937339 0.1435057507486421 0.6909309341365965 0.1443689432343482 0.6866149717080658 0.14825330942002574 0.6851763175652223 0.149979694391438 0.6851763175652223 0.1508428868771441 0.6880536258509093 0.15256927184855634 0.6920818574508713 0.1551588493056747 0.6920818574508713 0.15537464742710122 0.6892045491651841 0.15947481173420527 0.6883413566794782 0.1596906098556318 0.6926573191080087 0.15990640797705832 0.6995628589936576 0.15343246433426244 0.7113598229649745 0.14307415450578906 0.7093457071649936 0.14177936577722988 0.7038788214221883 0.14199516389865638 0.7015769747936386
1 0.2938778053608556 0.568467461948319 0.29446634569201885 0.566374874104183 0.2966243269062841 0.5655901536626319 0.2974090473478352 0.569775329350904 0.2962319666855086 0.57186791719504 0.2950548860231821 0.571606343714523
2 0.3300793803269638 0.5235268687832342 0.3334292217037098 0.5190604136142395 0.3361090948051066 0.517809806166921 0.34053088542241133 0.5199537046480385 0.3426747839035288 0.5226335777494353 0.34321075852380817 0.5258494254711115 0.3394589361818527 0.5315664880874246 0.33195529149794145 0.530315880640106 0.330749348602313 0.5294225896063072
2 0.3507144032077193 0.5274573493319494 0.3528583016888367 0.5233482105764744 0.3562081430655827 0.5233482105764744 0.36009395906260816 0.523705526989994 0.3590220098220493 0.5274573493319494 0.35567216844530336 0.5308518552603855 0.35178635244827794 0.5308518552603855
2 0.3462926125904145 0.508519579415412 0.34669459355562404 0.5065543391410543 0.34843651107153195 0.506018364520775 0.3489724856918113 0.506911655554574 0.34843651107153195 0.5095915286559707
2 0.3890365885576938 0.5224549195426754 0.39238642993443984 0.5217402867156363 0.3931903918648588 0.5233482105764744 0.39211844262430007 0.5245988180237929 0.3902425314533223 0.5253134508508321 0.3887686012475541 0.5253134508508321
2 0.42414292618599203 0.5151299330655242 0.42963666604385553 0.5145939584452448 0.43392446300609044 0.5145939584452448 0.43901622189874445 0.5145939584452448 0.4457159046522364 0.5145939584452448 0.44879775871884287 0.5147726166520047 0.44584989830730637 0.5170951733398819 0.44263405058563016 0.5170951733398819 0.4399541774842334 0.5174524897534014 0.4364703424524174 0.5185244389939602 0.427626761217808 0.5199537046480385 0.42588484370190005 0.5194177300277592 0.4248128944613413 0.5179884643736808
2 0.4847331579159906 0.6437841103918209 0.48500114522613025 0.6416402119107036 0.4872790373623176 0.6418188701174634 0.48888696122315567 0.6436054521850614 0.48942293584343505 0.6453920342526592 0.48928894218836516 0.6498584894216539 0.48593910081161906 0.6507517804554527 0.4844651706058509 0.6498584894216539
2 0.4772295132320795 0.6845181815330528 0.47776548785235884 0.6839822069127733 0.4795074053682667 0.6832675740857342 0.4803113672986858 0.6832675740857342 0.48258925943487313 0.6848754979465723 0.482723253089943 0.6866620800141702 0.48071334826389533 0.6907712187696453 0.4785694497827779 0.6913071933899246 0.4772295132320795 0.6905925605628854 0.47803347516249856 0.6888059784952876 0.4772295132320795 0.6864834218074104
2 0.42804149667702807 0.6884071696541478 0.42903989088807815 0.6854119870209979 0.4316190759332905 0.685744785091348 0.4325342706267531 0.6876306408233313 0.43178547496846564 0.6907367561465976 0.42854069378255316 0.6917351503576477 0.42795829715944067 0.6895164965553142
2 0.35461899567983823 0.6620431949740303 0.35461899567983823 0.6607143322791227 0.3558371198168368 0.6608619836896679 0.3567230282801085 0.6618955435634849 0.3567230282801085 0.6647009203638453 0.35472973423774723 0.6652915260060265 0.35373308721656666 0.6645532689533
2 0.3283739574554149 0.6264592050326179 0.32881691168705074 0.6220296627162595 0.32992429726614037 0.6204054972002614 0.3316961141926837 0.6208484514318974 0.3318068527505927 0.6245397366955293 0.33158537563477464 0.6267545078537086 0.3290383888028687 0.6273451134958896
2 0.361041832038558 0.6396001805711478 0.3633673417546461 0.6373854094129686 0.36502842012328046 0.6373854094129686 0.3656928514707342 0.6384189692867855 0.36502842012328046 0.6410766946766006 0.3638102959862819 0.6413719974976911
2 0.3485283749948455 0.7113587660961536 0.3507431461530247 0.7089963435274289 0.35262570163747703 0.7089963435274289 0.35362234865865766 0.7119493717383345 0.3527364401953859 0.7144594457176042 0.35096462326884265 0.7144594457176042 0.3493035449002082 0.7135735372543326
2 0.3803103411147169 0.7364595058888509 0.3826358508308051 0.7355735974255793 0.38186068092544234 0.7380836714048489 0.3803103411147169 0.7379360199943037
2 0.12288194233943198 0.8267627101676704 0.12422187889013041 0.8246512949968731 0.12568362785452866 0.8246512949968731 0.12617087750932807 0.8256257943064718 0.12617087750932807 0.8287117087868681 0.12385644164903083 0.8298486246480669 0.12239469268463257 0.8293613749932673
2 0.12068931889283459 0.8772742577152105 0.12215106785723286 0.8740259266832144 0.1244655037175301 0.8733762604768152 0.12531819061342908 0.8741883432348142 0.12531819061342908 0.8772742577152105 0.12495275337232953 0.8800353390924072 0.12142019337503372 0.8790608397828084
2 0.07708654976167947 0.6618947130031549 0.07811830090571724 0.6589468525916183 0.08224530548186836 0.6579642324544395 0.08298227058475247 0.6595364246739256 0.08298227058475247 0.6658251935518702 0.08165573339956105 0.6675939097987922 0.07708654976167947 0.6675939097987922 0.07517044049418074 0.6666112896616131 0.07634958465879534 0.6638599532775125
2 0.33297516432479346 0.8486262471535524 0.3361910120464697 0.845589057638636 0.33900487880293634 0.8454103994318765 0.33900487880293634 0.8488049053603123 0.3383349105275871 0.8545219679766254 0.3323051960494443 0.8559512336307038 0.3328411706697237 0.852378069495508
2 0.3340471135653522 0.8352268816465682 0.33632500570153956 0.8345122488195292 0.33645899935660933 0.8375494383344456 0.3340471135653522 0.8380854129547249
2 0.34074679631884436 0.785738558374107 0.34034481535363476 0.7809147867915928 0.34356066307531097 0.7809147867915928 0.34382865038545063 0.7825227106524311 0.34382865038545063 0.7852025837538279 0.3436946567303808 0.7877037986484648
2 0.4035898205465997 0.837906754747965 0.40760963019869495 0.8343335906127691 0.4089495667493933 0.8368348055074063 0.4078776175088346 0.8411226024696412 0.4060017063378568 0.8450530830183566 0.40238387765097117 0.8450530830183566
2 0.5000652521968851 0.8053909611176837 0.5006012268171645 0.8009245059486889 0.5043530491591199 0.8005671895351695 0.5070329222605168 0.8025324298095271 0.5064969476402374 0.8050336447041642 0.505960973019958 0.8082494924258402 0.5047550301243295 0.8082494924258402 0.502611131643212 0.8075348595988012
2 0.5023431443330725 0.7827013688591907 0.5056929857098185 0.779842837551034 0.5062289603300979 0.7814507614118722 0.5022091506780025 0.7859172165808669 0.500199245851955 0.7860958747876267 0.5007352204722344 0.7844879509267887
1 0.5729578005548785 0.7837733180997495 0.5729578005548785 0.7818080778253917 0.5729578005548785 0.7769843062428775 0.5745657244157166 0.7730538256941623 0.5771116038620436 0.7728751674874025 0.5807294325489293 0.7725178510738828 0.5808634262039992 0.7748404077617601 0.5804614452387896 0.779128204723995 0.5796574833083706 0.7819867360321517 0.5791215086880913 0.785738558374107 0.5748337117258563 0.785023925547068
1 0.5734937751751579 0.798601949260812 0.5740297497954373 0.7980659746405325 0.5757716673113452 0.796815367193214 0.5768436165519039 0.7953861015391357 0.5781835531026024 0.7953861015391357 0.5788535213779515 0.797530000020253 0.579389495998231 0.7991379238810913 0.5800594642735801 0.8023537716027674 0.5800594642735801 0.8102147327001981 0.5799254706185103 0.8134305804218743 0.5799254706185103 0.8173610609705897 0.5737617624852976 0.8189689848314277 0.5724218259345991 0.81700374455707 0.5724218259345991 0.811108023733997 0.5724218259345991 0.807713517805561
2 0.5781009241784142 0.5885597940098777 0.5796844855565122 0.5885597940098777 0.5806589848661111 0.5885597940098777 0.5821207338305093 0.5940819567642711 0.5789536110743131 0.5970054546930676 0.5774918621099149 0.5901839595258758
2 0.7597928617092516 0.6411573682875766 0.7605982330394987 0.6383385686317122 0.7626116613651162 0.6387412542968357 0.7636183755279248 0.6400835398472473 0.7637190469442057 0.6437077108333589 0.7617056186185883 0.6453184534938526 0.7593901760441281 0.6458553677140173 0.7584841332976003 0.6445130821636057
2 0.7387525357065495 0.5324322387042347 0.7421753638600993 0.5306872674886995 0.7440881207694356 0.5306872674886995 0.7474102775067045 0.5306872674886995 0.7530478768184333 0.5317610959290289 0.756470704971983 0.5317610959290289 0.7605982330394987 0.5317610959290289 0.7647257611070145 0.531089953153823 0.7668398608489128 0.5328349243693582 0.7661351609349467 0.5356537240252226 0.7645244182744527 0.5367275524655519 0.7611015901209031 0.536861781020593 0.757980776216196 0.5373986952407578 0.7563700335557022 0.5395463521214163 0.753249219650995 0.5431705231075278 0.7482156488369515 0.541694009002075 0.7448934920996826 0.5415597804470338 0.7395579070367966 0.5369960095756342
2 0.774390217069978 0.5312241817088643 0.7761016311467529 0.5286738391630822 0.7795244593003026 0.5286738391630822 0.7817392304584818 0.5293449819382879 0.7827459446212905 0.5314926388189466 0.7826452732050097 0.5355194954701814 0.778417073721213 0.5356537240252226
2 0.7888869010144236 0.5296134390483703 0.7905983150911986 0.5281369249429175 0.795732557321523 0.5262577251723413 0.7985513569773874 0.5271973250576294 0.8017728422983754 0.5259892680622589 0.8070077559449806 0.5262577251723413 0.8102292412659686 0.5305530389336585 0.79653792865177 0.533506067144564 0.7943231574935907 0.5320295530391113 0.7880815296841768 0.533506067144564 0.787880186851615 0.5318953244840701 0.7879808582678959 0.5305530389336585
2 0.8239205538801673 0.5710900625560897 0.8255312965406612 0.5662578345746078 0.8291554675267726 0.5619625208132906 0.8320749385989178 0.5624994350334552 0.8336856812594118 0.5685397200103076 0.8352964239199059 0.5761907476476539 0.8396252948199833 0.5834390896198767 0.839826637652545 0.5921639456975523 0.8386185806571747 0.5963250309038283 0.8376118664943658 0.6014257159953925 0.8347930668385015 0.6070633153071213 0.8314709101012326 0.6143116572793441 0.8262359964546274 0.6178015997104143 0.8223098112196735 0.6180700568204968 0.8217057827219879 0.6101505720730681 0.8209004113917411 0.6035733728760511 0.8203970543103367 0.5936404598030051 0.8205983971428985 0.5870632606059881 0.8211017542243028 0.5815598898493004 0.8218064541382691 0.5763249762026951 0.8239205538801673 0.5727008052165836
2 0.8557315359253349 0.649855437373522 0.8567904388764487 0.6477376314712947 0.8584544292281986 0.6490486541726734 0.8586057010783577 0.6520740911758552 0.8546726329742214 0.6543935928782946 0.8548239048243805 0.649855437373522
1 0.6793286085412271 0.4026543122348615 0.6731381016770005 0.3969551154392243 0.6718115644918092 0.3910593946161513 0.6701902412654641 0.3867358660125644 0.6728433156358469 0.384574101710771 0.6827186480144941 0.382805385463849 0.6920044083108343 0.3804470971346199 0.6956892338252548 0.38241233740897757 0.6962788059075621 0.3908628705887155 0.6949522687223706 0.40226126417999 0.6908252641462195 0.4048160765366549 0.6890565478992977 0.4048160765366549 0.6825712549939172 0.4034404083446045
2 0.6990792732985217 0.5408107035222055 0.7020271337100581 0.5388454632478479 0.7110181079652446 0.5380593671381048 0.7126394311915896 0.5441516119886136 0.7093967847388994 0.5494577607293792 0.7057119592244788 0.5474925204550216 0.7029114918335191 0.546313376290407
