2 0.26594329723376964 0.8889162275833117 0.2669500113965784 0.8866343421476119 0.27077552521525156 0.8850235994871182 0.27299029637343075 0.8855605137072827 0.271983582210622 0.8902585131337234 0.2667486685640167 0.8945538268950408 0.26564128298492706 0.8921377129042996
2 0.2369499293448785 0.8891846846933942 0.2384600005890916 0.8873054849228178 0.24037275749842815 0.8871712563677767 0.2413794716612369 0.8877081705879413 0.2413794716612369 0.8898558274685999 0.2408761145798325 0.8918692557942174 0.2388626862542151 0.8928088556795053 0.23725194359372115 0.8917350272391762
2 0.16758732352735758 0.9109297106100623 0.16829202344132368 0.9098558821697331 0.17030545176694112 0.9098558821697331 0.17030545176694112 0.9118693104953508 0.16990276610181765 0.9141511959310503 0.16879538052272808 0.914688110151215 0.16829202344132368 0.9172384526969972 0.16748665211107672 0.9173726812520383 0.16698329502967232 0.9142854244860915 0.16778866635991935 0.9126746818255976
1 0.3187154222608622 0.7887810676789322 0.3189899806689009 0.786950678292007 0.32036277270909463 0.787316756169392 0.32036277270909463 0.7893911974745736 0.31981365589301713 0.791343612820627
2 0.3391714370406474 0.7771031361538082 0.3394043161745542 0.7762751214554733 0.3403746458991656 0.7758093631876597 0.34192717345854384 0.7749813484893247 0.34278106361620186 0.775498857675784 0.342276492159404 0.7763268723741192 0.34111209648987023 0.7771548870724542 0.33979244806439873 0.7781899054453731 0.33952075574150753 0.7780864036080811
2 0.34382901971878227 0.8345466558508049 0.34382901971878227 0.8334598865592401 0.34479934944339374 0.832528370023613 0.3448381626323782 0.8334598865592401 0.3442171516086268 0.8357886778983076 0.3432856350729999 0.8351159159559103
2 0.4427063731237858 0.35757336854497557 0.4437130872865945 0.35757336854497557 0.4461292012773354 0.3558283973294405 0.4485453152680764 0.3542176546689465 0.44945135801460423 0.3539491975588642 0.45055874359369386 0.35435188322398764 0.4484446438517955 0.3567679972147285 0.44653188694245893 0.35811028276514023 0.44451845861684147 0.36079485386596344 0.44250503029122407 0.3605263967558813
2 0.4444177872005606 0.45998975604138287 0.44331040162147095 0.45690249927543614 0.4420016732098196 0.45515752805990106 0.4409949590470109 0.4512648999637073 0.4415989875446962 0.45099644285362495 0.4428070445400666 0.45394947106453054 0.4450218156982458 0.4554259851699832 0.4452231585308076 0.45743941349560074 0.4453238299470884 0.45945284182121815 0.44542450136336925 0.46160049870187686
2 0.42492942751029195 0.7531184661709421 0.42867340580172936 0.7552261872831587 0.4318349874700543 0.7560027161139753 0.43574536479666665 0.7592197641273586 0.4375757541835916 0.7636570717320251 0.4300877976007168 0.7599962929581753 0.4260110212389294 0.7552261872831587
2 0.47276915012310305 0.7599962929581753 0.47484913806279055 0.7586651006767753 0.475930731791428 0.7588869660570086 0.476429928896953 0.7617712160000418 0.4716875563944656 0.7606618890988753
2 0.6763115131285189 0.7363232114971925 0.6754054703819911 0.7340413260614927 0.6756068132145527 0.7325648119560401 0.6770162130424849 0.7331017261762046 0.677922255789013 0.7332359547312458 0.6806403840285964 0.7344440117266163 0.6811437411100008 0.7353836116119044 0.6793316556169451 0.739142011153057 0.6790296413681024 0.7411554394786743 0.6759088274633954 0.7427661821391685 0.6751034561331486 0.7376654970476042
2 0.7071168638532335 0.8815271050392048 0.7090387727095046 0.8799407675705366 0.7123334736059693 0.87750024838797 0.7146214603396257 0.8776222743470984 0.710320045280352 0.8815271050392048 0.7069338249145409 0.8829914165487449
