1 0.008782983542059749 0.6359801046412051 0.01281840841273585 0.6318655537926726 0.013530542213443398 0.6378791281097586 0.013530542213443398 0.6404111594011632 0.010444629077044026 0.6397781515783121
2 0.09091574855699687 0.6340810811726516 0.09352690582625786 0.6299665303241191 0.09495117342767295 0.633764577261226 0.09471379549410379 0.6391451437554608 0.09186526029127359 0.6394616476668863 0.0904409926898585 0.6372461202869074
2 0.19275088205817612 0.6198384051585006 0.1941751496595912 0.6160403582213937 0.2024833773345126 0.6109762956385845 0.20485715667020443 0.6217374286270541 0.20485715667020443 0.6264849872984377 0.20580666840448117 0.6350305929069283 0.20580666840448117 0.6404111594011632 0.19916008626454404 0.6388286398440352 0.19939746419811322 0.6321820577040982 0.19370039379245285 0.6268014912098633 0.18966496892177676 0.6245859638298843 0.1929882599917453 0.6239529560070332
2 0.25351963305188685 0.6283840107669912 0.25802981378970125 0.6258519794755866 0.2608783489925315 0.6258519794755866 0.2651511517967768 0.6258519794755866 0.26705017526533026 0.6302830342355447 0.2689491987338837 0.6356636007297796 0.2689491987338837 0.64420920633827 0.26847444286674527 0.6492732689210793 0.2672875531988994 0.652438308035335 0.26253999452751575 0.6505392845667815 0.253757010985456 0.6467412376296747 0.2516206095833334 0.6454752219839723 0.24877207438050314 0.6432596946039932 0.24687305091194972 0.637562624198333 0.24687305091194972 0.6343975850840772 0.24948420818121067 0.6318655537926726
2 0.25351963305188685 0.7290322546003245 0.2587419475904088 0.7246011998403664 0.26111572692610063 0.7287157506888989 0.2620652386603774 0.730298270246027 0.2649137738632076 0.7363118445631129 0.26372688419536167 0.7397933875887942 0.25969145932468557 0.7416924110573475 0.2551812785868711 0.7382108680316664 0.25328225511831765 0.7366283484745384 0.25304487718474844 0.733146805448857
2 0.2131653843451258 0.794548564265419 0.2131653843451258 0.7856864547455028 0.216013919547956 0.7822049117198214 0.2200493444186321 0.7806223921626935 0.22432214722287738 0.7989796190253771 0.22598379275786168 0.8081582324567187 0.22550903689072327 0.8167038380652093 0.22384739135573903 0.8217679006480185 0.21577654161438684 0.8208183889137417 0.21055422707586482 0.8027776659624838
2 0.17186162390408807 0.7562515909829242 0.17613442670833337 0.7559350870714987 0.17850820604402517 0.7606826457428822 0.175659670841195 0.7619486613885846 0.1732858915055032 0.7613156535657333
2 0.15377850597037238 0.6949492023091696 0.15672636638190887 0.6935735341171193 0.1586424756494076 0.6941631061994264 0.16055858491690633 0.6957352984189129 0.16085337095805996 0.700648399104807 0.1598216198140222 0.7020240672968573 0.1556946152378711 0.7024171153517288 0.15377850597037238 0.7010414471596785 0.15230457576460413 0.6996657789676282
1 0.3127906215343828 0.6479460790246852 0.31327701850228634 0.6449196090021743 0.3148983417286314 0.6449196090021743 0.3152226063739004 0.6477299025945058 0.3148983417286314 0.6527019604886307 0.31360128314755537 0.6535666662093482 0.31181782759857574 0.6520534311980927
1 0.36580789103586675 0.5807152092389093 0.36597002335850126 0.579850503518192 0.3693748021338259 0.579850503518192 0.37018546374699846 0.5826607971105234 0.3687262728432879 0.5865519728537516 0.36564575871323224 0.5859034435632136 0.3649972294226942 0.5850387378424963 0.3653214940679632 0.5833093264010615
1 0.45044096345107965 0.5882813842951863 0.4528729482905973 0.5863357964235723 0.45400787454903885 0.5865519728537516 0.45417000687167336 0.5906593250271591 0.4525486836453283 0.5910916778875178 0.45044096345107965 0.5910916778875178
2 0.759974828512673 0.5998900888493524 0.7611539726772876 0.5971387524652516 0.7621857238213253 0.6032309973157605 0.7617435447595949 0.6081440980016546 0.7590904703892121 0.6036240453706319 0.7587956843480583 0.601069233013967
2 0.8016870533359143 0.580827258188083 0.805371878850335 0.5812203062429545 0.8078775602001411 0.5825959744350049 0.813773281023214 0.584168166654491 0.8165737484141737 0.5857403588739772 0.8186372507022494 0.5904569355324356 0.8181950716405187 0.5918326037244859 0.81303631592033 0.5898673634501284 0.8106780275911007 0.5888847433129494 0.8056666648914887 0.5849542627642341 0.803603162603413 0.5843646906819268
2 0.7399293777142247 0.5837751185996195 0.7434668102080686 0.5835785945721838 0.7475938147842196 0.5851507867916699 0.7492151380105647 0.5882951712306421 0.7487729589488342 0.5898673634501284 0.7455303124961441 0.5898673634501284 0.7383080544878797 0.5835785945721838
2 0.8859178020735377 0.5651053359932218 0.8873917322793059 0.5635331437737355 0.8901921996702655 0.5576374229506625 0.8921083089377643 0.5576374229506625 0.8919609159171875 0.5619609515542494 0.8904869857114193 0.5654983840480933 0.8879813043616132 0.5688392925145013 0.8866547671764217 0.5682497204321939
2 0.9519498752919552 0.6165946311813926 0.9550451287240687 0.6165946311813926 0.9559294868475295 0.618756395483186 0.951360303209648 0.6213112078398508 0.9506233381067639 0.6197390156203647 0.9507707311273408 0.6181668234008787
2 0.9215869130531295 0.6258312604708736 0.9224712711765903 0.6250451643611304 0.923650415341205 0.6260277844983093 0.9232082362794745 0.6293686929647173 0.920260375867938 0.6281895488001028
2 0.9637413169381014 0.6219007799221582 0.9658048192261769 0.620328587702672 0.9674261424525219 0.620328587702672 0.9678683215142524 0.6240625442239516 0.9668365703702148 0.6260277844983093 0.964920461102716 0.6246521163062589
1 0.927777419917356 0.5586200430878414 0.9289565640819706 0.5572443748957909 0.9304304942877389 0.5601922353073274 0.9305778873083157 0.5625505236365567 0.930283101267162 0.5660879561304004 0.9292513501231244 0.5704114847339874 0.9273352408556257 0.5682497204321939 0.9273352408556257 0.5649088119657859 0.9273352408556257 0.5615679034993779
2 0.9612356355882955 0.5662844801578363 0.9621199937117563 0.5647122879383502 0.9643308890204085 0.5635331437737355 0.9650678541232927 0.5635331437737355 0.9650678541232927 0.5668740522401435 0.9634730512931973 0.5684809677234383 0.9616467687760768 0.568323868152073
2 0.11169613711944862 0.005556488573365495 0.11245384010672574 0.003872704157194132 0.11434809757491853 0.004041082598811269 0.11409552991249279 0.008587300522473945 0.11131728562581006 0.01060784182187958 0.1104332988073201 0.005051353248514086
2 0.07911490866653276 0.019531899227587798 0.08151430145957696 0.01818487169465071 0.08227200444685406 0.020205412994056343 0.08227200444685406 0.022731089618313386 0.07924119249774561 0.022731089618313386
2 0.1671347390218907 0.04057920442972982 0.1689027126588706 0.04007406910487841 0.16928156415250917 0.04108433975458123 0.16915528032129631 0.04630407144471245 0.16763987434674213 0.04630407144471245 0.16751359051552925 0.04377839482045541
2 0.1853196107165414 0.007577029872771129 0.18670873285988276 0.006735137664685447 0.18696130052230844 0.010944598705113853 0.18696130052230844 0.013807032212605166 0.18481447539168996 0.010102706497028172
2 0.8417452654495498 0.6068976372863947 0.843987857903299 0.6066676278039589 0.8446778863506063 0.6068976372863947 0.8441603650151258 0.6105777890053676 0.8426078010086839 0.610117770040496 0.8419177725613766 0.6087377131458812
2 0.8507156352645464 0.6113828221938931 0.8528719741623821 0.6113828221938931 0.8540795239451701 0.6125328696060721 0.8535620026096896 0.6159830118426093 0.8501118603731525 0.6136829170182512
2 0.8583059481849282 0.6169030497723526 0.860893554862331 0.6169030497723526 0.8604622870827641 0.6187431256318391 0.8597722586354566 0.6223082726095941 0.8577021732935343 0.6208132109737613 0.8577884268494474 0.6187431256318391
2 0.9336710155025727 0.678775600547586 0.9351373259531011 0.6775105483941889 0.9349648188412742 0.6801556574422009 0.9349648188412742 0.683605799678738 0.9323772121638713 0.6832607854550843 0.9326359728316116 0.6817657238192516
2 0.9530822130117784 0.5911945051501046 0.95373024874366 0.5904168622718469 0.9550911237806112 0.5903304575075959 0.9553503380733638 0.5905896718003486 0.9552207309269874 0.5930090051993729
