2 0.00410194776265304 0.6024285484844586 0.00410194776265304 0.607897812167996 0.004280293317550999 0.6143182521443225 0.0008917277744897912 0.6347685424392885 0.0012484188842857079 0.6152694284371116 0.0023184922136734575 0.6057576655092205
2 0.02568175990530599 0.6751935348828256 0.028356943228775366 0.6751935348828256 0.02853528878367332 0.6770958874684038 0.025503414350408028 0.6837541215179276 0.023363267691632533 0.6804250044931657 0.024076649911224365 0.6778092696879956
2 0.18496535279208273 0.5185979420804794 0.18520897761948243 0.5168113600128815 0.18606166451538145 0.5143751117388844 0.18837610037567867 0.513887862084085 0.19081234864967578 0.5142126951872846 0.1910559734770755 0.518922775183679 0.1894724120989774 0.5195724413900783 0.18788885072087924 0.5203845241480773 0.18642710175648103 0.5203845241480773 0.18581803968798172 0.5198972744932779
2 0.2552511154968993 0.5694343227312191 0.25780917618459626 0.5655363254928237 0.2601236120448935 0.5619631613576279 0.262194423077791 0.5619631613576279 0.264752483765488 0.5619631613576279 0.26597060790248656 0.5609886620480291 0.2677977941079844 0.5606638289448295 0.2682850437627838 0.5626128275640272 0.2701122299682816 0.5637497434252258 0.2701122299682816 0.5650490758380242 0.2696249803134822 0.5687846565248198 0.26877229341758324 0.5712209047988169 0.2674323568668848 0.576255817898411 0.26645785755728596 0.577879983414409 0.2617071734229916 0.5788544827240079 0.25902730032159477 0.5782048165176087 0.25695648928869724 0.5767430675532104 0.2561038023927983 0.5749564854856125
2 0.23396427352379562 0.6850926168130917 0.23441808907427292 0.6816637882094857 0.236384623126341 0.6801510697078949 0.23835115717840918 0.6781341117057736 0.24137659418159094 0.6772264806048192 0.24462893896001123 0.6792434386069404 0.24425075933461354 0.6815629403093796 0.24311622045842035 0.683983289911925 0.24130095825651135 0.6851934647131978 0.23978823975492053 0.6841849857121372 0.23895624457904552 0.6844875294124553 0.236384623126341 0.6867061832147886 0.23646025905142057 0.6885214454166976 0.23532572017522743 0.6888239891170158 0.23396427352379562 0.6867061832147886
2 0.560018298394665 0.2871631935774567 0.5626078758517833 0.2839981544632009 0.567355434523167 0.28169630783465127 0.5723187913159771 0.28255950032035737 0.5744767725302424 0.2888895785488689 0.571887195073124 0.2929178101488308 0.5708082044659915 0.2929178101488308 0.5692976176160057 0.29435646429167434 0.5632552702160629 0.2986724267202049 0.5617446833660772 0.2978092342344988 0.5602340965160915 0.2940687334631056
2 0.661122786920414 0.2619932574133444 0.6630717855396115 0.2595570091393473 0.6686751565698049 0.25695834431375036 0.6722077165671007 0.25695834431375036 0.6731822158766996 0.2598818422425469 0.6758620889780963 0.2592321760361477 0.6809782103534903 0.25809526017494905 0.6849980200055854 0.25809526017494905 0.6834144586274874 0.26329258982614284 0.6802473358712912 0.2668657539613386 0.6791510241479926 0.270763751199734 0.676227526219196 0.26670333740973884 0.6741567151862984 0.266540920858139 0.6645335345040099 0.2709261677513338 0.6622190986437125 0.2709261677513338 0.6616100365752133 0.2658912546517398 0.6596610379560155 0.25858250982974845 0.6608791620930142 0.2598818422425469
2 0.7647851509789909 0.24185360501496833 0.7645415261515912 0.23844285743137233 0.7664905247707889 0.23568177605417565 0.7696576475269852 0.23259586157377932 0.7705103344228842 0.23568177605417565 0.7705103344228842 0.23957977329257102 0.7700230847680847 0.24282810432456717 0.7695358351132853 0.2468885181145623 0.7680740861488871 0.24721335121776197 0.7670995868392881 0.248025433975761 0.7651505882200905 0.24770060087256138 0.7644197137378913 0.24640126845976293
2 0.7367682958280243 0.23974218984417084 0.7374991703102234 0.23795560777657296 0.7404226682390199 0.2369811084669741 0.7424934792719173 0.2369811084669741 0.7424934792719173 0.24217843811816794 0.7415189799623185 0.24510193604696448 0.7382300447924224 0.2486751001821602 0.7371337330691238 0.2486751001821602 0.7367682958280243 0.24493951949536466
2 0.8306856667906125 0.22350053468419012 0.8342182267879085 0.22025220365219397 0.839577972990702 0.22025220365219397 0.8406742847140007 0.22236361882299147 0.8406742847140007 0.22691128226778606 0.8403088474729011 0.22967236364498278 0.8386034736811032 0.23097169605778128 0.831172916445412 0.23178377881578027 0.8305638543769127 0.2273985319225855
2 0.8021280715958228 0.5021629800928333 0.8034368000074741 0.501089151652504 0.8071616424098664 0.4998810946571336 0.8072623138261473 0.5028341228680392 0.8053495569168106 0.5055186939688624 0.8032354571749124 0.5082032650696857 0.8009200146004523 0.5073978937394388
2 0.8329335249777695 0.42310236117358835 0.8337388963080167 0.4198808758526005 0.8363563531313193 0.4193439616324358 0.8364570245476002 0.42176007562317674 0.8329335249777695 0.4245788752790412
1 0.5031635133222928 0.43836950199213265 0.5041619075333428 0.4357071174293326 0.5069074916137302 0.4357071174293326 0.5069906911313177 0.43792577123166593 0.5079890853423676 0.44114281924504917 0.5076562872720177 0.4433614730473824 0.5072402896840802 0.4433614730473824 0.5061586959554427 0.44236307883633247 0.5057426983675052 0.4401444250339992
