1 0.03696615346092808 0.23032740311522112 0.04391705411170088 0.22485093593582436 0.06224215582737463 0.22400840252360946 0.08625435807549885 0.22400840252360946 0.11468986073775123 0.223587135817502 0.16587376552980548 0.2164256018136755 0.16271426523399968 0.22400840252360946 0.1481805638732929 0.2261147360541467 0.1131101105898483 0.2332762700579732 0.09889235925872213 0.2332762700579732 0.08056725754304837 0.23496133688240295 0.05781885541324649 0.23580387029461786 0.041073503845475645 0.23664640370683274 0.033806653165122255 0.23369753676408064
1 0.23064352159382476 0.21263420145870848 0.23664657215585583 0.20968533451595645 0.27108512538013924 0.209264067809849 0.2837231265633625 0.21263420145870848 0.2786679260900732 0.21768940193199782 0.2612906744631412 0.21768940193199782 0.24991647339824025 0.2193744687564276 0.23822632230375873 0.21768940193199782
1 0.3102629290481314 0.20757900098541923 0.3187935798468071 0.20757900098541923 0.33016778091170806 0.20505140074877456 0.3443855322428343 0.2012600003938076 0.33933033176954497 0.20884280110374157 0.33111563100044983 0.21305546816481594 0.32226903017219355 0.21474053498924572 0.3124745792551955 0.21474053498924572
1 0.4486490420044263 0.194203951515531 0.45528399262561847 0.1925188846911012 0.47708454466667866 0.19209761798499378 0.4913022959978049 0.19083381786667142 0.5361672001982474 0.18577861739338214 0.565234602919661 0.19125508457277887 0.5541763518843407 0.19588901833996075 0.509311447683898 0.190412551160564 0.525108949162927 0.1925188846911012 0.5137347480980261 0.19462521822163845 0.48845874573157955 0.1963102850460682 0.4691857939271641 0.19715281845828309 0.4568637427735214 0.19757408516439054
2 0.17722498377383356 0.04474852104712406 0.17852204235490965 0.038911757432281785 0.18549373222819343 0.03588528740977099 0.18987130493932514 0.039127933862461134 0.19100623119776672 0.04604557962820012 0.19003343726195965 0.049720578941248955 0.18743932009980754 0.05123381395250436 0.18160255648496532 0.05209851967322173 0.17900843932281318 0.05123381395250436
1 0.22310843107939918 0.10635880364823688 0.2257025482415513 0.10354851005590543 0.23008012095268301 0.10268380433518805 0.24126725121446405 0.10095439289375331 0.2428885744408091 0.10808821508967165 0.23478195830908372 0.11046615582164442 0.2295937239847795 0.10960145010092702 0.2216492401756886 0.10916909724056835
2 0.3672440659014764 0.1357587981526276 0.36367715480351714 0.13446173957155153 0.3643256840940552 0.12538232950401912 0.36562274267513134 0.11846468373828012 0.3688653891278214 0.11370880227433458 0.37956612242169885 0.10895292081038901 0.3870242092628862 0.1098176265311064 0.3870242092628862 0.11824850730810077 0.38621354764971366 0.12235585948150832 0.39156391429665244 0.12257203591168767 0.3946444284267081 0.12257203591168767 0.3965900162983222 0.12365291806258435 0.39837347184730176 0.13121909311886137 0.3974006779114947 0.13662350387334496 0.3959414870077842 0.1418117381976492 0.39123964965138347 0.1463514432314154 0.38621354764971366 0.14894556039356754 0.38053891635750586 0.15067497183500225 0.3742157557747602 0.1513235011255403 0.3706488446768009 0.15153967755571965 0.37243230022578055 0.14462203178998065 0.37178377093524245 0.13900144460531771 0.36821685983728336 0.13770438602424168
2 0.4115061899806969 0.01578087940309206 0.4064800879790272 0.009079410067532418 0.40550729404322006 0.004323528603586866 0.412803248561773 0.0010808821508967166 0.4170186889502701 0.0010808821508967166 0.42090986469349834 0.005620587184662925 0.4200992030803258 0.009295586497711762 0.41766721824080816 0.010808821508967163 0.4149109687560216 0.012105880090043224 0.41345177785231096 0.013402938671119281 0.41264111623913846 0.014483820822016
2 0.490464631103702 0.025292642330983165 0.490464631103702 0.018158820135064837 0.4912752927168746 0.012322056520222568 0.4932208805884887 0.006701469335559641 0.49792271794488935 0.0028102935923314627 0.5159194057573196 0.0010808821508967166 0.5233774925985071 0.004539705033766209 0.5253230804701211 0.011673527229684537 0.5262958744059281 0.02356323088954842 0.5261337420832937 0.031994111666542806 0.5159194057573196 0.04301910960568931 0.511866097691457 0.045613226767841436 0.5060293340766147 0.04539705033766209 0.49792271794488935 0.03999263958317851 0.49386940987902667 0.030480876655287405
2 0.5901760095239241 0.10506174506716084 0.5958506408161319 0.09965733431267726 0.6007146104951671 0.09511762927891104 0.6071999034005474 0.09187498282622089 0.6172521074038868 0.09727939358070449 0.621791812437653 0.10571027435769889 0.6213054154697496 0.12192350662114962 0.6174142397265214 0.12862497595670927 0.6140094609511967 0.13100291668868203 0.6054164478515678 0.13100291668868203 0.5960127731387663 0.12819262309635057 0.5898517448786551 0.1193293894589975
2 0.7001017242701202 0.11133086154236181 0.7049656939491555 0.10614262721805759 0.7114509868545359 0.10614262721805759 0.7166392211788399 0.10895292081038901 0.7166392211788399 0.11781615444774211 0.7117752514998048 0.1243014473531224 0.7056142232396936 0.12278821234186701 0.7007502535606583 0.11781615444774211 0.7007502535606583 0.11414115513469328
2 0.725556498923738 0.06096175331057481 0.725556498923738 0.053611754684477125 0.7356087029270775 0.04777499106963487 0.7438774513814372 0.05339557825429779 0.7440395837040719 0.0659338112046997 0.7442017160267064 0.08928086566406877 0.7336631150554633 0.09338821783747629 0.7283127484085246 0.09338821783747629 0.7250701019558344 0.08668674850191666 0.7250701019558344 0.06787939907631378
2 0.8899919442460338 0.019914426106897285 0.8899919442460338 0.011106122251923485 0.900619354331926 0.007659394656498955 0.9149807193128617 0.024893032633621602 0.9055022184254443 0.032935397022945505 0.8980343086353577 0.0337013364885954 0.89085362614489 0.027956790496221188
