2 0.18768502715460186 0.26419420544215716 0.19046327144128458 0.25863771686879167 0.19282477908496493 0.2595637982976859 0.19310260351363323 0.2625272588701475 0.19240804244196252 0.2662315845857245 0.19101892029862114 0.26900982887240726
2 0.6678435803280256 0.688319286597915 0.6704955407834955 0.688319286597915 0.674284055719881 0.6862987452985094 0.6774411515002023 0.6841098255574866 0.6846393298793348 0.683436311791018 0.6859021681914634 0.6856252315320408 0.6866598711787405 0.7006109128359658 0.6766834485129253 0.701957940368903 0.6680961479904514 0.6964014517955374 0.6663281743534714 0.688319286597915
2 0.9678683215142524 0.5856054207354978 0.9702266098434816 0.5777444596380671 0.9767119027488619 0.5771548875557598 0.979954549201552 0.5783340317203745 0.979954549201552 0.5840332285160117 0.9798071561809752 0.5930733337780569 0.9761223306665546 0.5942524779426714 0.9743536144196326 0.5942524779426714
2 0.8860651950941145 0.5989690546011299 0.8903395926908425 0.5973968623816437 0.892403094978918 0.5973968623816437 0.8946139902875704 0.5999516747383087 0.895793134452185 0.6005412468206159 0.8988883878842983 0.6005412468206159 0.9000675320489129 0.5954316221072861 0.902573213398719 0.5899289493390846 0.9031627854810264 0.5895359012842131 0.9030153924604495 0.5952350980798503 0.9030153924604495 0.5970038143267723 0.9010992831929506 0.6021134390401021 0.8974144576785301 0.6036856312595884 0.8943192042464168 0.6196040774818854 0.894908776328724 0.608009159863175 0.8894552345673816 0.6158701209606059 0.889013055505651 0.6107604962472759 0.8866547671764218 0.6054543475065102
2 0.9525394473742627 0.5295960729163043 0.9532764124771468 0.5240934001481029 0.9551925217446455 0.5242899241755385 0.9551925217446455 0.529006500833997 0.9547503426829151 0.532347409300405 0.9528342334154164 0.532347409300405 0.9523920543536859 0.5317578372180978
2 0.7501972177500572 0.4191070759457199 0.7504652050601969 0.416427202844323 0.7522071225761047 0.41678451925784266 0.7527430971963841 0.4182137849119209 0.7527430971963841 0.42178694904711667 0.7497952367848477 0.42107231622007757
2 0.7429615603762858 0.4389381368960563 0.7455074398226127 0.4366155802081791 0.7472493573385206 0.4366155802081791 0.7469813700283809 0.43983142792985525 0.7461774080979621 0.4410820353771738 0.7443014969269842 0.4412606935839335
0 0.840110454066106 0.3817803177178027 0.8423030775127033 0.3777199039278075 0.8433993892360021 0.37625815496340925 0.8455920126825994 0.3751212391022106 0.8481500733702965 0.3751212391022106 0.8508299464716932 0.3751212391022106 0.8565551299155865 0.37674540461820866 0.8581386912936844 0.3777199039278075 0.8598440650854825 0.3808058184082039 0.8588695657758837 0.38210515082100227 0.8581386912936844 0.38291723357900137 0.8578950664662848 0.38437898254339964 0.8576514416388851 0.3873024804721962 0.8561896926744869 0.3868152308173967 0.855337005778588 0.3856783149561981 0.8548497561237884 0.38437898254339964 0.8546061312963887 0.38340448323380083 0.8549715685374882 0.3819427342694025 0.8532661947456903 0.37918165289220584 0.8526571326771911 0.37836957013420675 0.851804445781292 0.37836957013420675 0.8508299464716932 0.37836957013420675 0.8490027602661955 0.37836957013420675 0.8479064485428967 0.37804473703100716 0.8469319492332978 0.37804473703100716 0.8454702002688995 0.37836957013420675 0.844373888545601 0.37901923634060597
1 0.9817784736531618 0.28193358556458303 0.9816778022368812 0.27924901446375977 0.9830872020648133 0.27911478590871863 0.9863086873858012 0.27965170012888324 0.9862080159695203 0.28153089989945956 0.9848992875578689 0.2851550708855709 0.984093916227622 0.28663158499102376 0.9823825021508473 0.28542352799565324 0.9814764594043194 0.2838127853351593
0 0.93563881489069 0.24558914849869729 0.9369246256170422 0.2481103460013488 0.9379078926430764 0.24831204180156086 0.9394206111446671 0.2492196729025154 0.9412358733465763 0.2500264561033638 0.9416896888970535 0.25073239140410625 0.9410846014964173 0.25133747880474255 0.9357144508157696 0.24841288970166692 0.9352606352652922 0.24780780230103056
0 0.9466816599523036 0.24599254009912158 0.9476649269783374 0.24377388629678834 0.9483456503040535 0.2426645593956217 0.9500852765808827 0.2417569282946672 0.9540939806100986 0.2417569282946672 0.9562117865123259 0.2415552324944551 0.9544721602354964 0.24256371149551564 0.9508416358316782 0.2429671030959398 0.9506147280564395 0.24337049469636401 0.9487238299294509 0.2457908442989094 0.9481187425288147 0.24669847539986395 0.9463791162519851 0.24720271490039425
0 0.9810910187301143 0.2567832654104697 0.9821499216812277 0.25607733010972733 0.9839651838831369 0.255573090609197 0.986612441260921 0.2546654595082425 0.9907724171402958 0.2527493494062274 0.9893353345637844 0.25516969900877273 0.9838139120329779 0.2585985276123787 0.9816961061307506 0.2585985276123787 0.9803346594793189 0.25900191921280297
2 0.4093394187835001 0.3406971956472141 0.4134413665461531 0.33451454974408484 0.41843504208329596 0.3352279319636767 0.41861338763819395 0.33808146084204405 0.4182566965283981 0.3430751363791869 0.4154031676500306 0.3437885185987787 0.41290632988145926 0.3437885185987787
2 0.4319893042555407 0.25960941668694243 0.4346644875790101 0.25960941668694243 0.43484283313390804 0.2641275040776907 0.4314542675908469 0.2662676507364662 0.43056253981635706 0.26555426851687436
2 0.45446084417268345 0.23654339158680654 0.45660099083145894 0.23297648048884734 0.4608812841490099 0.23202530419605824 0.4662316507959487 0.23012295161048 0.47015525300370375 0.23012295161048 0.4706902896683976 0.234403244928031 0.4703335985586017 0.23868353824558197 0.4630214308077855 0.2446283900755139 0.4589194830451324 0.24320162563633027 0.4558876086118671 0.24011030268476566
2 0.478002457419214 0.19802075172884753 0.47853749408390783 0.1961183991432693 0.4797859129681935 0.1961183991432693 0.4801426040779895 0.19802075172884753 0.4799642585230916 0.20158766282680665 0.477824111864316 0.2025388391195958
2 0.5757358215032953 0.12715811791605877 0.5775192770522748 0.12406679496449416 0.5803728059306421 0.12406679496449416 0.5814428792600299 0.12501797125728326 0.580907842595336 0.12929826457483426 0.5791243870463564 0.13167620530680704 0.5764492037228871 0.13143841123360975
1 0.5395316738590096 0.1492729667234056 0.5427418938471729 0.1459438496986437 0.5461304593902341 0.1459438496986437 0.546308804945132 0.14974855486980013 0.5409584382981933 0.15402884818735116 0.5391749827492136 0.1533154659677593
2 0.5225888461437036 0.09155071818095191 0.5256207205769688 0.08774601300979548 0.5288309405651321 0.08631924857061177 0.5311494327788056 0.08727042486340089 0.5311494327788056 0.08917277744897913 0.5302577050043158 0.09535542335210835 0.5272258305710504 0.09535542335210835 0.5250856839122751 0.09416645298612196
2 0.461237975258806 0.07966101452108802 0.46569661413125496 0.07847204415510164 0.4699769074488059 0.07490513305714247 0.47176036299778557 0.07466733898394519 0.4724737452173774 0.07656969156952341 0.47265209077227527 0.08037439674067987 0.47086863522329575 0.0841791019118363 0.46926352522921405 0.08750821893659819 0.46426984969207125 0.08750821893659819 0.4633781219175815 0.08655704264380909 0.4608812841490101 0.08203895525306079
2 0.6292394879726826 0.0244927895393196 0.632271362405948 0.02259043695374138 0.6369083468332949 0.019499114002176767 0.6420803679253356 0.013792056245442106 0.648500807901662 0.008084998488707442 0.648857499011458 0.004280293317550998 0.6449338968037029 0.0028535288783673326 0.636016619058805 0.0019023525855782215 0.6294178335275806 0.0019023525855782215 0.6270993413139071 0.0030913229515646097 0.6242458124355398 0.013078674025850272 0.6221056657767643 0.009749557001088384 0.6258509224296214 0.016883379197006713
2 0.6993292910475801 0.06896028122721053 0.70022101882207 0.06634454642204046 0.7018261288161517 0.06658234049523776 0.7020044743710497 0.06967366344680236 0.7011127465965599 0.0713382219591833
2 0.8384189272624499 0.04018719837033993 0.8361004350487764 0.03352896432081615 0.8387756183722458 0.03448014061360526 0.8400240372565314 0.036382493199183484 0.8409157650310213 0.03971161022394538 0.842877566134899 0.04090058058993176 0.8423425294702049 0.04399190354149637 0.8398456917016336 0.04399190354149637
2 0.8822919337673476 0.04280293317550998 0.8822919337673476 0.03709587541877532 0.8824702793222456 0.03162661173523793 0.8826486248771436 0.0266329361980951 0.8837186982065313 0.02140146658775499 0.8855021537555109 0.02544396583210871 0.884967117090817 0.030437641369251544 0.884967117090817 0.03352896432081615 0.8846104259810211 0.038284845784761705 0.8842537348712252 0.04208955095591815 0.8842537348712252 0.04732102056625826
2 0.8812218604379599 0.08964836559537369 0.881400205992858 0.08536807227782268 0.8830053159869393 0.08536807227782268 0.8838970437614293 0.08584366042421725 0.8840753893163271 0.09036174781496552 0.8830053159869393 0.09392865891292468 0.8821135882124497 0.09725777593768656 0.881400205992858 0.10296483369442123 0.8805084782183681 0.10486718627999946 0.8787250226693886 0.10391600998721034 0.8785466771144905 0.09916012852326478 0.8805084782183681 0.0936908648397274
1 0.9076170025628578 0.08964836559537369 0.9074386570079598 0.08536807227782268 0.9097571492216332 0.08869718930258458 0.9092221125569392 0.09155071818095191
2 0.9135311423929885 0.09863375077734854 0.9133481034542961 0.09655930947216693 0.9133481034542961 0.094362842207857 0.9139887397397196 0.09619323159478194 0.9145378565557971 0.0981456469408352 0.9149954539025285 0.10034211420514515 0.9148124149638359 0.10205047763294177 0.913714181331681 0.10095224400078681 0.9134396229236422 0.10009806228688849
