1 0.6320708258324563 0.7323265864021841 0.6319368321773865 0.7282174476467088 0.6322048194875262 0.7264308655791109 0.6352866735541325 0.7244656253047533 0.6387705085859483 0.7239296506844739 0.6398424578265071 0.7250015999250327 0.6401104451366468 0.7275028148196696 0.6401104451366468 0.7310759789548655 0.6390384958960881 0.7333985356427426 0.6328747877628754 0.7346491430900612
1 0.6190926246904181 0.38473574153637036 0.6210894131125181 0.3820733569735705 0.6223374058763306 0.38085309738228706 0.6254989875446555 0.38085309738228706 0.6274125764491679 0.3817405589032204 0.6276621750019304 0.38473574153637036 0.6237517976753181 0.3913917029433701 0.6181774299969558 0.3888402510706869 0.6187598266200681 0.3869543953387036
2 0.6288269682481554 0.38595600112765366 0.6296589634240304 0.3826280204241537 0.6324877470220053 0.3826280204241537 0.6345677349616928 0.38318268387473703 0.6347341339968677 0.38473574153637036 0.6347341339968677 0.3916135683236035 0.6327373455747678 0.4014865777439865 0.626580581273293 0.3998225873922366 0.6245005933336055 0.39660553937885334 0.6260813841677679 0.3906151741125534
2 0.6767534395767909 0.3145447967862847 0.6769364785154834 0.31320251123587306 0.6782177510863309 0.3127144073993598 0.6787668679024084 0.31308048527674476 0.6785838289637158 0.31539897850018306 0.6787668679024084 0.3163751861732097
2 0.8389351815714925 0.31814715289335005 0.8407655709584173 0.3170378259921834 0.8434279555212173 0.3157066337107834 0.8448423473202048 0.3165940952317167 0.8435111550388048 0.3191455471044 0.84267915986293 0.31947834517475 0.8410983690287673 0.31981114324509996 0.83835278494838 0.31981114324509996
2 0.821463282878118 0.3179252875131167 0.8232936722650429 0.3163722298514834 0.8242920664760929 0.317814354823 0.8242920664760929 0.31947834517475 0.8229608741946929 0.32047673938579996 0.8220456795012303 0.31992207593521665 0.821296883842943 0.3190346144142833
2 0.7651908257290129 0.4511557017856002 0.7656900228345378 0.4496026441239669 0.7671876141511127 0.44816051915245025 0.7691012030556252 0.44827145184256695 0.7692676020908003 0.4503791729547836 0.7692676020908003 0.45337435558793343 0.7688516045028628 0.45470554786933337 0.7678532102918127 0.4544836824891 0.7662724194576502 0.45348528827805007 0.7643588305531378 0.4497135768140836
2 0.7154724710519279 0.7121694890727368 0.7179892564589497 0.7129748604029839 0.7193986562868818 0.7143171459533952 0.7211100703636568 0.7161963457239716 0.7223181273590271 0.7179413169395068 0.7198013419520053 0.7184782311596715 0.7186939563729158 0.7184782311596715 0.7150697853868043 0.7168674884991776 0.7125529999797826 0.7165990313890951 0.7133583713100297 0.7139144602882719 0.7141637426402765 0.7132433175130661
2 0.7198013419520053 0.7204916594852888 0.7215127560287802 0.7204916594852888 0.7230228272729933 0.7212970308155359 0.7267476696753854 0.7238473733613179 0.7272510267567899 0.7243842875814827 0.7302711692452161 0.7242500590264415 0.7312778834080248 0.7242500590264415 0.727150355340509 0.7270688586823059 0.7259422983451386 0.7270688586823059 0.7184926135403541 0.7241158304714003 0.7189959706217582 0.721431259370577
2 0.760271251296916 0.7127064032929015 0.7643987793644317 0.7128406318479427 0.7638954222830273 0.7152567458386835 0.7622846796225334 0.7157936600588483 0.7605732655457587 0.7159278886138893 0.759365208550388 0.7153909743937247
2 0.7677209361017004 0.7063976612059668 0.7690296645133519 0.704921147100514 0.7706404071738459 0.7022365759996909 0.7737612210785528 0.7007600618942379 0.7737612210785528 0.6979412622383735 0.7739625639111146 0.6945855483623445 0.7764793493181363 0.6906929202661509 0.7786941204763156 0.6873372063901216 0.778996134725158 0.6889479490506154 0.7785934490600347 0.6910956059312743 0.7774860634809451 0.6948540054724268 0.7774860634809451 0.698478176458538 0.7762780064855747 0.7002231476740733 0.775170620906485 0.7023708045547319 0.7738618924948338 0.70331040444002
2 0.9001790680489917 0.6740161747215457 0.9022931677908901 0.6722712035060107 0.9030985391211371 0.6722712035060107 0.9045079389490692 0.671734289285846 0.9058166673607205 0.6721369749509695 0.9066220386909676 0.6732108033912988 0.9082327813514613 0.6792510883681512 0.9109509095910451 0.6834121735744272 0.9113535952561684 0.6847544591248388 0.9122596380026964 0.6858282875651682 0.9138703806631903 0.6869021160054973 0.9174945516493017 0.6893182299962384 0.9221254367982218 0.6928081724273086 0.9241388651238392 0.6973719432987082 0.925850279200614 0.7003249715096138 0.9250449078703672 0.7034122282755604 0.9215214083005366 0.7026068569453134 0.9154811233236844 0.6941504579777202 0.9135683664143477 0.6913316583218557 0.9115549380887303 0.6879759444458267 0.9092394955142702 0.684083316349633 0.9065213672746867 0.6792510883681512 0.9046086103653501 0.6764322887122867 0.9037025676188223 0.6754926888269985 0.9007830965466769 0.6754926888269985
2 0.937785064738421 0.6422040071767902 0.9402011787291618 0.638042921970514 0.9444293782129585 0.6361637221999378 0.947751534950227 0.6361637221999378 0.9460401208734524 0.6379086934154728 0.9419125928059366 0.6401905788511726 0.9411072214756896 0.642069778621749 0.9411072214756896 0.6442174355024075 0.9422146070547792 0.6471704637133132 0.9424159498873409 0.6479758350435602
2 0.9639596329714476 0.624083152246233 0.9625502331435155 0.6213985811454099 0.9627515759760772 0.6205932098151629 0.9642616472202902 0.6196536099298748 0.9651676899668182 0.6205932098151629 0.966778432627312 0.6230093238059038 0.966778432627312 0.6251569806865624 0.9663757469621885 0.626499266236974
2 0.8792094845191626 0.9219009702058153 0.8826887370728217 0.919379772703164 0.8849578148252079 0.9167577273004064 0.8864705333267989 0.9123204196957398 0.8900254218055373 0.9110093969943611 0.8941853976849123 0.9102026137935126 0.8951686647109462 0.9118161801952095 0.8941853976849123 0.9142365297977549 0.8925970432582419 0.9146399213981792 0.889420334404901 0.9170602710007246 0.8879076159033101 0.9184721416022092 0.8868487129521965 0.9225060576064518 0.8803440233953558 0.926539973610694 0.8788313048937649 0.9244221677084669
2 0.7907438156480017 0.9213131278607274 0.7908353351173478 0.9177743750460059 0.7911098935253866 0.9149677779860543 0.7944045944218516 0.9144796741495409 0.796051944870084 0.9183845048416476 0.7970586590328927 0.9224113614928824 0.7946791528298902 0.9238756730024223
