2 0.05493043090857115 0.05074525522029905 0.05434189057740788 0.038974448597033806 0.05924639333710173 0.030604097220489634 0.06787831819416291 0.025895774571183538 0.07984530492781591 0.02955780329842161 0.07984530492781591 0.03975916903858482 0.07160574029153023 0.051006828700816055 0.06532797675912211 0.05231469610340108 0.057088412122836434 0.04996053477874804
2 0.1828398628813868 0.10750670049248921 0.18558638442681535 0.10776827397300622 0.18597874464759087 0.10933771485610827 0.1863711048683664 0.11352289054438035 0.1773468197905297 0.11744649275213542 0.1775429999009174 0.11456918446644834
2 0.1708728761477338 0.14334226732331895 0.17499265846587664 0.13889551815452988 0.1785239004528562 0.1394186651155639 0.1791124407840195 0.145434855167455 0.17813154023208072 0.1509278982583121 0.17028433581657051 0.15328205958296517 0.16949961537501954 0.146481149089523
2 0.20226169380977443 0.10907614137559125 0.20441967502403974 0.10227523088214913 0.2181522827511825 0.09573589386922396 0.22423386617320287 0.09782848171336003 0.22462622639397842 0.10462939220680216 0.22148734462777434 0.11326131706386335 0.2079509170110193 0.11901593363523746 0.20186933358899892 0.11509233142748237 0.2002998927058969 0.11221502314179531
2 0.24424423743275384 0.0630392088045983 0.2448327777639171 0.05885403311632621 0.24816783964050887 0.057023018752707176 0.24836401975089667 0.06199291488253029 0.24797165953012115 0.06565494360976835 0.24757929930934566 0.0680091049344214 0.24522513798469256 0.0680091049344214 0.2444404175431416 0.06591651709028537
2 0.26033100648454965 0.0034004552467210704 0.2620966274780394 0.0010462939220680216 0.2652355092442435 0.0010462939220680216 0.2636660683611415 0.008631924857061178 0.2611157269261007 0.007585630934993157 0.25974246615338636 0.006277763532408129
2 0.30819895341916165 0.018571717116707385 0.31545761750350854 0.015171261869986314 0.31349581639963103 0.02223374584394546 0.3091798539711004 0.024326333688081507
2 0.3303673058929778 0.07376372150579552 0.3303673058929778 0.06984011929804045 0.334290908100733 0.0680091049344214 0.33762596997732475 0.0680091049344214 0.33782215008771244 0.07062483973959147 0.33644888931499817 0.07297900106424451 0.3344870882111206 0.07454844194734654 0.33487944843189615 0.07873361763561862 0.3340947279903452 0.08134935244078868 0.33095584622414115 0.0821340728823397 0.3280131445683248 0.07873361763561862
2 0.3027059103283046 0.09390487950560493 0.3021173699971413 0.08971970381733288 0.3068256926464473 0.09076599773940087 0.30721805286722287 0.09835162867439404 0.30996457441265146 0.10462939220680216 0.30996457441265146 0.10698355353145522 0.30564861198412085 0.10515253916783615 0.3034906307698555 0.09887477563542804
2 0.44454413013865074 0.032696685064625676 0.445132670469814 0.030080950259455622 0.4484677323464058 0.029034656337387603 0.44866391245679355 0.03348140550617669 0.4470944715736915 0.0337429789866937
2 0.45553021632036494 0.07428686846682954 0.4590614583073445 0.07297900106424451 0.45925763841773226 0.07585630934993157 0.4588652781969567 0.07821047067458461 0.45690347709307916 0.07794889719406761
1 0.17419675089406395 0.16651136542519027 0.18628144569394955 0.16420951879664064 0.1979345442509822 0.15989355636811003 0.21325621087226576 0.15960582553954134 0.24087837041486154 0.15701624808242295 0.26073179758610227 0.1532757473110298 0.28705916840013884 0.15212482399675498 0.2948279007714939 0.15039843902534275 0.2978490744714653 0.14521928411110602 0.30475461435711426 0.14752113073965567 0.30475461435711426 0.1532757473110298 0.2749744736002532 0.15960582553954134 0.2665583468646185 0.16018128719667873 0.24476273660053904 0.16104447968238486 0.23116745495066765 0.16420951879664064 0.21692477893651677 0.1676622887394651 0.20505588225805765 0.1688132120537399 0.18951841751534754 0.1688132120537399
1 0.3300029945640182 0.14550701493967472 0.3358295438425345 0.14205424499685027 0.3420876893639038 0.1432051683111251 0.3533091916780834 0.14521928411110602 0.3664728770851017 0.14234197582541896 0.37057304139220576 0.1426297066539877 0.34985642173525894 0.15126163151104885 0.3388507175425059 0.15126163151104885 0.32913980207831206 0.15011070819677402 0.32806081147117944 0.15011070819677402 0.33237677389971004 0.14234197582541896
1 0.41563460637830857 0.11231827669329654 0.41622314670947186 0.10447107227778638 0.42485507156653296 0.09767016178434423 0.4262283323392473 0.10264005791416732 0.4293672141054514 0.10813310100502445 0.4305442947677779 0.11885761370622167 0.4317213754301044 0.12748953856328285 0.42053910913800246 0.12173492199190873 0.41877348814451265 0.11807289326467064
1 0.41092628372900253 0.136121463420344 0.4132804450536555 0.12775111204379985 0.41484988593675753 0.1256585241996638 0.41838112792373716 0.1290589794463849 0.42034292902761466 0.13193628773207194 0.42269709035226766 0.13873719822551409 0.41622314670947186 0.13847562474499708 0.41347662516404327 0.13742933082292905
2 0.6417003986836781 0.08400404202031037 0.642673192619485 0.08140992485815826 0.6459158390721753 0.08140992485815826 0.6434838542326576 0.08659815918246248
2 0.7109309004486128 0.0549088132655532 0.7080125186411919 0.04604557962820012 0.7073639893506537 0.03869558100210245 0.7138492822560338 0.03307499381743952 0.7196860458708763 0.03221028809672215 0.7209831044519524 0.04085734530389588 0.7204967074840488 0.04712646177909684 0.7177404579992621 0.05253087253358042
2 0.7117415620617854 0.06204263546147151 0.7133628852881305 0.06074557688039546 0.7172540610313587 0.059880871159678085 0.7187132519350693 0.06096175331057481 0.7185511196124347 0.06506910548398233 0.7156327378050136 0.0693926340875692 0.712876488320227 0.0693926340875692 0.7115794297391509 0.06874410479703116
2 0.838366906039336 0.021401466587754988 0.8356106565545492 0.012105880090043224 0.841609552492026 0.005620587184662925 0.8476084484295028 0.003891175743228179 0.8540937413348831 0.005188234324304239 0.8558771968838628 0.009727939358070446 0.8558771968838628 0.018158820135064837 0.8542558736575175 0.02377940731972776 0.8514996241727311 0.02810293592331463 0.8456628605578886 0.02961617093457003 0.841609552492026 0.026589700912059224 0.8391775676525084 0.02356323088954842
2 0.8729010907604858 0.044099991756586035 0.8727389584378513 0.040641168873716535 0.8753330756000034 0.04085734530389588 0.877116531148983 0.04215440388497194 0.8792242513432317 0.04777499106963487 0.87808932508479 0.0514499903826837 0.876792266503714 0.0529632253939391 0.8707933705662372 0.048639696790352245
