2 0.02496005233686597 0.7694475558425006 0.028119552632671786 0.762286021838674 0.03507045328344459 0.7648136220753188 0.037282103490508665 0.7673412223119633 0.03759805352008925 0.7753452897280049 0.029383352750994112 0.7787154233768644
2 0.0031595002958058186 0.9253162371022543 0.004739250443708729 0.9341628379305107 0.0006319000591611637 0.9354266380488329
2 0.2300116215346636 0.8515945635334519 0.2331711218304694 0.8456968296479477 0.24106987256998397 0.8448542962357328 0.24549317298411208 0.8482244298845925 0.24233367268830633 0.8583348308311709 0.23601467209669466 0.8612836977739231 0.2300116215346636 0.8591773642433859
1 0.2755084257942674 0.9115339917174371 0.2815114763562985 0.9098489248930073 0.2922537773620383 0.9098489248930073 0.2963611277465858 0.9106914583052224 0.2950973276282635 0.9203805925456935 0.2849869266816849 0.9216443926640158 0.27803602603091204 0.9199593258395861 0.27329677558720333 0.9174317256029413
2 0.4176859391055292 0.9241719929006603 0.4265325399337855 0.9157466587785115 0.43506319073246125 0.917010458896834 0.4404343412353311 0.9330185937289167 0.4511766422410709 0.9363887273777762 0.45022879215232914 0.9452353282060326 0.4448576416494593 0.9519755955037517 0.4401183912057505 0.9578733293892558 0.4217932894900768 0.953239395622074 0.42526873981546326 0.9456565949121399 0.41989758931259336 0.9418651945571732 0.414842388839304 0.9330185937289167 0.4164221389872069 0.9288059266678422
1 0.2736127256167839 0.9414439278510656 0.2774041259717509 0.9401801277327432 0.2802476762379761 0.9401801277327432 0.28561882674084604 0.9460778616182475 0.2853028767112654 0.949447995267107 0.2824593264450402 0.9519755955037517 0.27835197606049267 0.9519755955037517 0.27519247576468675 0.9519755955037517
2 0.2875145269183295 0.8218041833165518 0.2878304769479101 0.8171702495493699 0.289410227095813 0.8138001159005104 0.2916218773028771 0.810429982251651 0.2944654275691023 0.810429982251651 0.2947813775986829 0.8121150490760806 0.29288567742119936 0.8129575824882954 0.2916218773028771 0.8154851827249401 0.2906740272141353 0.8205403831982294 0.29035807718455475 0.8255955836715188
2 0.4279556342965879 0.7337759057284592 0.43411666255669923 0.7337759057284592 0.44206114636579 0.7311817885663071 0.4514648210785916 0.7311817885663071 0.4569773200481648 0.7324788471473832 0.4537346735954746 0.7365861993207907 0.45162695340122594 0.7380994343320461 0.44806004230326685 0.7393964929131223 0.44352033726950063 0.7393964929131223 0.439467029203638 0.7389641400527635 0.43444092720196825 0.7389641400527635 0.4300633544908365 0.7385317871924049
2 0.49621334212571555 0.729236200694693 0.5001045178689437 0.7277229656834376 0.5012394441273853 0.7277229656834376 0.5104809865175522 0.7309656121361278 0.5156692208418564 0.7307494357059484 0.5223166460698713 0.7307494357059484 0.5198846612303537 0.7365861993207906 0.5172905440682015 0.7432876686563503 0.5132372360023388 0.7543126665954968 0.5104809865175522 0.7586361951990835 0.505617016838517 0.7623111945121325 0.5017258410952887 0.7640406059535673 0.4971861360615227 0.7510700201428067 0.49751040070679164 0.7398288457734807 0.49426775425410147 0.7294523771248723
2 0.46119276043666196 0.7906303068656264 0.4637868775988141 0.7850097196809636 0.4675159210194078 0.783496484669708 0.46816445030994575 0.7878200132732951 0.46913724424575287 0.7923597183070612 0.46767805334204227 0.7938729533183165 0.46443540688935203 0.7951700118993927 0.4626519513403725 0.795386188329572 0.46216555437246903 0.7930082475975992
2 0.461517025081931 0.8096538327214086 0.46313834830827605 0.8066273626988979 0.46605673011569704 0.8048979512574631 0.46719165637413873 0.8053303041178217 0.4686508472778492 0.8070597155592565 0.47092069979473244 0.8100861855817674 0.47092069979473244 0.8176523606380444 0.4620034220498345 0.8167876549173269 0.4598957018555858 0.8150582434758923 0.4592471725650478 0.811167067732664
2 0.5445287742707988 0.8165714784871477 0.5492306116271995 0.8115994205930228 0.5568508307910214 0.8055464805480012 0.5659302408585538 0.8046817748272838 0.571442739828127 0.8139773613249957 0.5738747246676447 0.8167876549173271 0.5751717832487208 0.8271641235659355 0.5769552387977004 0.8351626514825713 0.5741989893129137 0.8418641208181309 0.5685243580207059 0.8461876494217176 0.5612284035021531 0.8518082366063807 0.5511761994988136 0.8442420615501036 0.5464743621424129 0.8386214743654408 0.5429074510444538 0.8278126528564737 0.5432317156897227 0.8219758892416312
2 0.31545128953366064 0.6004049168160297 0.3223447447245097 0.5969581892206052 0.3298126545145962 0.5969581892206052 0.33211047291154583 0.6034686746786293 0.32895097261573997 0.605766493075579 0.32291919932374713 0.6069154022740538 0.3177491079306103 0.605766493075579
2 0.49869160147635616 0.5898952133518685 0.5048821083405828 0.5863577808580247 0.5119569733282705 0.5849821126659743 0.518147480192497 0.5879299730775108 0.5141678686369228 0.592843073763405 0.5115147942665399 0.5963805062572487 0.508124754793273 0.5989353186139137 0.5007551037644318 0.5971666023669918
2 0.6434315476827984 0.9168703363946704 0.6474111592383726 0.9084198032149327 0.6533068800614457 0.9040962746113457 0.6639191775429771 0.902131034336988 0.6720257936747024 0.9158877162574919 0.6739419029422011 0.9208008169433859 0.673204937839317 0.9296443981779955 0.668193575139705 0.9349505469187611 0.664803535666438 0.9380949313577335 0.6415154384152997 0.9343609748364539 0.643726333723952 0.921586913053129
2 0.7491123434363819 0.9168703363946707 0.7529445619713794 0.9149050961203131 0.7644412175763717 0.9149050961203131 0.7685682221525227 0.9176564325044138 0.7679786500702154 0.925124345546973 0.7653255756998327 0.9302339702603029 0.7631146803911804 0.9339679267815824 0.7555976363417622 0.931020066370046 0.7520602038479186 0.9290548260956883 0.7508810596833038 0.9208008169433861
2 0.7731374057904045 0.8742246224411093 0.77520090807848 0.8675428055082932 0.7793279126546311 0.8622366567675275 0.7899402101361623 0.8620401327400917 0.7946567867946208 0.8706871899472656 0.8008472936588475 0.8820855835385398 0.7992259704325025 0.8919117849103283 0.7917089263830843 0.9017379862821167 0.7782961615105932 0.9068476109954466 0.7741691569344422 0.901344938227245 0.773432191831558 0.8934839771298144 0.7715160825640593 0.8757968146605954
1 0.7687120533672676 0.5759775522728057 0.7695227149804401 0.5733834351106536 0.7748730816273789 0.5751128465520884 0.7737381553689372 0.5781393165745992 0.7721168321425922 0.5815981394574686 0.7683877887219985 0.5828951980385446
2 0.8829404630578855 0.7627539879477584 0.8881286973821898 0.7595113414950683 0.8920198731254181 0.7608084000761443 0.8952625195781081 0.768158398702242 0.8951003872554737 0.7737789858869049 0.8855345802200376 0.7755083973283395 0.8816434044768096 0.7737789858869049
2 0.9394987024857072 0.8207562859291777 0.9445248044873772 0.8166489337557702 0.957008993330234 0.8166489337557702 0.9638185508808834 0.8250798145327646 0.9633321539129799 0.8287548138458134 0.9621972276545384 0.8378342239133457 0.9518207590059299 0.8432386346678293 0.9407957610667833 0.8406445175056773 0.9380395115819966 0.8339430481701176
