0 0.6867649822045417 0.8433885136626162 0.6883485435826399 0.845337512281814 0.6896884801333383 0.8458247619366135 0.6894528881525439 0.8446685113809225 0.6883447730650836 0.8422967562814463 0.6876449109045825 0.8415580128898064 0.6873824625943946 0.8399638824131095 0.6872074970542694 0.8387585642478022 0.6872074970542694 0.8369700276154103 0.6873824625943946 0.8366200965351597 0.6877907155213536 0.8380975833184398 0.6884322558351463 0.840274932262221 0.6888988306088137 0.8407803882670274 0.6893654053824811 0.8411692005784169 0.6898028192327943 0.8420245876634738 0.6904735204699413 0.8433854307533372 0.6912317044771507 0.8452128486168679 0.691406670017276 0.8463015230887584 0.6908526124735459 0.8499952400469587 0.6898611410795027 0.8498008338912638 0.6865951176638309 0.8475457224852048 0.6867409222806019 0.8459904732396468 0.6865951176638309 0.8446296301497835 0.6866534395105394 0.8440075304515602
0 0.6925147851047361 0.8476623661786217 0.6931271644951745 0.8484399908014006 0.6933021300352997 0.8492176154241797 0.6941186358892177 0.8502674086649313 0.6951684291299693 0.8503451711272092 0.6948184980497188 0.8512394394434051 0.694293601429343 0.851356083136822 0.693477095575425 0.8513949643679608 0.6925439460280901 0.8512005582122661 0.6925439460280901 0.8504618148206261 0.6924273023346734 0.8495675465044301
1 0.8156494104609873 0.8442859034291648 0.8156494104609873 0.8421420049480475 0.8177933089421048 0.8412487139142484 0.8191332454928031 0.8417846885345277 0.8202051947333618 0.8430352959818462 0.8188652581826633 0.8464298019102822 0.817525321631965 0.8460724854967627
2 0.31201923410441174 0.5833430525544494 0.3130893074337995 0.5793005533100957 0.31558614520237094 0.5788249651637011 0.3212932029591056 0.5793005533100957 0.3218282396237994 0.5919036391895515 0.31505110853767704 0.5885745221647896 0.31291096187890155 0.5861965814328167
2 0.3717605732046103 0.6052394379261018 0.3724305414799596 0.6030955394449843 0.3739044716857278 0.6023809066179452 0.3756463892016358 0.6023809066179452 0.3776562940276833 0.6029168812382245 0.377924281337823 0.6059540707531409 0.3776562940276833 0.6088126020612975 0.3755123955465659 0.6095272348883367 0.3731005097553088 0.6091699184748172 0.3696166747234929 0.6068473617869399
2 0.2617517823922711 0.5368133447371031 0.2613498014270615 0.5346694462559856 0.2613498014270615 0.5296670164667115 0.2613498014270615 0.5273444597788343 0.26242175066762025 0.5271658015720745 0.26309171894296945 0.5310962821207899 0.2640296745284583 0.5335974970154269 0.26429766183859804 0.5375279775641422 0.2645656491487377 0.5405651670790586 0.2629577252878996 0.541101141699338
2 0.27863498293107103 0.5439596730074945 0.27917095755135035 0.5434236983872152 0.2799954935863288 0.5432049759754313 0.2801119331532822 0.5421699576025124 0.2811210760668781 0.5417041993346989 0.2820137794135206 0.5420147048465747 0.28310054870508544 0.5442399943483502 0.2834110542169611 0.546206529256896 0.2844590103195414 0.5486905733519012 0.28535171366618395 0.5502948518299255 0.28465307626446373 0.5527788959249308 0.28368274653985226 0.5514851229587822 0.2829452959491476 0.5501913499926336 0.2820525926025051 0.548949327945131 0.2818973398465673 0.547189796711169 0.28170327390164496 0.5453785145585609 0.28154802114570715 0.5439812397551205 0.2810822628778937 0.544395247104288 0.2806165046100802 0.5451197599653311 0.2799954935863288 0.5456372691517907 0.27972380126343765 0.5467757893620013 0.2793744825625775 0.548017811409504 0.27844296602695057 0.5475003022230446 0.2781324605150749 0.5463617820128338 0.2774338231133547 0.5461547783382501 0.27700687803452567 0.5461030274196041 0.2762306142548365 0.5449645072093934 0.27677399890061893 0.5438777379178286
2 0.2856857798791434 0.5914125700536694 0.2858521789143184 0.5908579066030861 0.2858521789143184 0.5875299258995862 0.2861017774670809 0.5850894067170196 0.28759936878365583 0.5855331374774863 0.28784896733641835 0.5875299258995862 0.28801536637159336 0.5907469739129694 0.28801536637159336 0.5932984257856526 0.28851456347711835 0.5977357333903192 0.2904281523816307 0.6025058390653357 0.29126014755750573 0.6029495698258024 0.2920089432157932 0.605057290938019 0.29067775093439324 0.6145975022880521 0.2896793567233433 0.6164833580200354 0.2888473615474683 0.6180364156816687 0.28710017167813084 0.6246923770886684 0.28535298180879337 0.624470511708435 0.2862681765022559 0.6211425310049352 0.28710017167813084 0.6160396272595687 0.28851456347711835 0.615263098428752 0.2893465586529933 0.6130444446264188 0.2889305610650558 0.6108257908240855 0.28726657071330586 0.6093836658525689 0.28660097457260586 0.6086071370217522 0.28651777505501835 0.6055010216984856 0.28668417409019337 0.6012855794740525 0.2868505731253684 0.5999543871926525 0.28651777505501835 0.5971810699397359 0.28651777505501835 0.5961826757286859
2 0.21532860080661068 0.682604874499832 0.2155722256340104 0.6801686262258351 0.2177648490806078 0.6783820441582371 0.2199574725272052 0.6780572110550374 0.2186175359765068 0.682604874499832 0.21727759942580838 0.6853659558770288 0.21593766287510996 0.686015622083428
2 0.11166623674803378 0.6512584800410692 0.11154442433433392 0.6491470648702719 0.11227529881653303 0.6465484000446751 0.11398067260833102 0.6465484000446751 0.11471154709053016 0.648010149009073 0.11471154709053016 0.6501215641798705 0.11312798571243203 0.6527202290054674 0.11105717467953449 0.6540195614182659
1 0.11702598295082739 0.6788692938130364 0.11800048226042623 0.6783820441582371 0.1192186063974248 0.6780572110550374 0.1216548546714219 0.6765954620906391 0.1227511663947206 0.6767578786422389 0.12238572915362105 0.6793565434678358 0.12092398018922276 0.6798437931226353
1 0.08279669470116806 0.6993337793146123 0.08450206849296603 0.6986841131082129 0.08206582021896892 0.7022572772434087 0.0807258836682705 0.7022572772434087 0.0807258836682705 0.6998210289694117 0.08145675815046964 0.6996586124178118
1 0.08133494573676979 0.648010149009073 0.08121313332306994 0.6455739007350759 0.08206582021896892 0.642975235909479 0.08364938159706706 0.6458987338382757 0.08352756918336718 0.6475228993542737 0.08279669470116806 0.6493094814218716
1 0.0021926234465973965 0.6877829465456606 0.0023144358602972515 0.6851842817200638 0.002801685515096673 0.6845346155136647 0.003776184824695516 0.6845346155136647 0.004019809652095227 0.6871332803392616 0.0045070593068946485 0.6890822789584593
1 0.24509681509336537 0.8639850655702606 0.24609346211454602 0.8622132486437173 0.2472008476936356 0.8582266605589948 0.2472008476936356 0.8539447696531817 0.24830823327272522 0.8524682555477286 0.2496370959676327 0.8563071922219059 0.2491941417359969 0.8598508260749927 0.24886192606227003 0.8628038542858983 0.24830823327272522 0.8657568824968039 0.2473115862515446 0.8690052135288 0.24509681509336537 0.8698911219920717 0.2449860765354564 0.8675286994233473
1 0.177878510442627 0.8611796887699001 0.1787644189058987 0.8595555232539022 0.17953958881126142 0.8595555232539022 0.1798718044849883 0.8616226430015359 0.1798718044849883 0.8628038542858983 0.1782107261163539 0.86368976274917 0.17732481765308222 0.8628038542858983
1 0.05184577938464916 0.815676324678591 0.052248465049772645 0.8135286677979324 0.053456522045143104 0.811515239472315 0.05365786487770486 0.8150051819033852 0.053456522045143104 0.8162132388987557 0.05295316496373875 0.8184951243344554 0.05234913646605352 0.8209112383251964 0.05073839380555956 0.8253407806415548 0.050235036724155205 0.8227904380957726 0.05063772238927869 0.8183608957794142
2 0.43281925821485984 0.4199485100656916 0.43359442812022264 0.4161095733915144 0.43536624504676597 0.4161095733915144 0.4361414149521286 0.4168478304442408 0.43625215351003765 0.41906260160242 0.4356984607204929 0.42186797840278023 0.4338159052360405 0.4220156298133256
1 0.4809905309052573 0.3818544461450096 0.48132274657898416 0.37919672075519456 0.48309456350552743 0.378901417934104 0.4839804719687992 0.3793443721657399 0.48353751773716325 0.3818544461450096 0.48265160927389167 0.38436452012427935
2 0.6361402997473812 0.523500870516034 0.6373584238843796 0.522910264873853 0.6401268878321037 0.5223196592316718 0.6417879662007381 0.5223196592316718 0.6417879662007381 0.5252726874425774 0.6347006984945647 0.5254203388531227
2 0.6712444226045213 0.5165612542204059 0.6744558407838811 0.5153800429360437 0.6776672589632409 0.5147894372938626 0.6796605530056021 0.5147894372938626 0.6700262984675227 0.5189236767891304
