2 0.03964872253516592 0.06671424722393744 0.039501329514589095 0.05885328612650678 0.0400909015968964 0.05177842113881918 0.04171222482324147 0.050599276974204584 0.04215440388497196 0.055315853632662976 0.04215440388497196 0.059639382236249844 0.04215440388497196 0.06435595889470824 0.041859617843818295 0.06867948749829511 0.04112265274093418 0.07378911221162504 0.03964872253516592 0.07260996804701045
2 0.04171222482324147 0.11820354241210831 0.04171222482324147 0.11427306186339298 0.04230179690554877 0.11250434561647107 0.04259658294670242 0.12095487879620904 0.04215440388497196 0.12488535934492438 0.04112265274093418 0.12567145545466743 0.04023829461747322 0.12429578726261709 0.04023829461747322 0.11977573463159445
2 0.037437827226513544 0.1317637003051762 0.0389117574322818 0.1288158398936397 0.03964872253516592 0.1288158398936397 0.03876436441170497 0.13313936849722657
2 0.07207518706206742 0.12547493142723168 0.07207518706206742 0.12154445087851634 0.07340172424725885 0.12744017170158933 0.07340172424725885 0.13215674836004776 0.07148561497976012 0.12783321975646086
1 0.06529510811553346 0.11977573463159445 0.06588468019784077 0.11466610991826451 0.06588468019784077 0.11211129756159956 0.06735861040360902 0.11211129756159956 0.06809557550649314 0.11466610991826451 0.06765339644476266 0.11702439824749372
1 0.032279071506324676 0.15082653096644558 0.0341951807738234 0.14964738680183096 0.03566911097959165 0.1500404348567025 0.03640607608247577 0.15200567513106017 0.03581650400016847 0.15397091540541782 0.033458215670939276 0.15318481929567476
0 1.3877787807814457e-19 0.4093845414999804 0.0023582883292292 0.4093845414999804 0.006632685925957124 0.4093845414999804 0.00913836727576315 0.41036716163715925 0.014739302057682497 0.41351154607613144 0.012823192790183775 0.41862117078946137 0.011054476543261875 0.4160663584327964 0.0023582883292292 0.4125289259389525 0.009727939358070446 0.41351154607613144 0.00044217906173047496 0.4148872142681818
0 0.13870900027049687 0.3160605058295879 0.13904121594422378 0.3101544494077767 0.1416989413340388 0.3091208895339598 0.14568552941876134 0.30941619235505036 0.14568552941876134 0.3114833121026842 0.1419204184498567 0.3154699001874067 0.1394841701758596 0.3175370199350407 0.13904121594422378 0.319308836861584 0.13881973882840587 0.32388603058848775 0.1378230918072252 0.3259531503361216 0.1372693990176804 0.32816792149430074 0.13505462785950123 0.3294967841892083 0.13372576516459372 0.3303826926524799 0.13128951689059662 0.3312686011157516 0.13007139275359808 0.3321545095790233 0.12796736015332782 0.3325974638106592 0.1258633275530576 0.3330404180422949 0.1239807720686053 0.3334833722739309 0.12254117081578883 0.3336310236844761 0.11955122975224691 0.3337786750950214 0.11279617771980038 0.3336310236844761 0.10936328242462266 0.3334833722739309 0.10814515828762411 0.3327451152212045 0.10892032819298683 0.3315639039368422 0.111135099351166 0.3312686011157516 0.11423577897261689 0.3312686011157516 0.1163398115728871 0.3312686011157516 0.12198747802624402 0.3314162525262969 0.12575258899514866 0.3306779954735706 0.12874253005869055 0.3292014813681178 0.13117877833268765 0.3286108757259366 0.13560832064904604 0.326691407388848 0.13594053632277292 0.3241813334095782 0.13693718334395355 0.32137595660921797 0.13749087613349834 0.3184229283983123
0 0.09463505422273107 0.2763422763929078 0.09673908682300131 0.2778187904983606 0.09751425672836402 0.28106712153035673 0.10116862913935966 0.2821006814041737 0.1024974918342672 0.2821006814041737 0.10371561597126573 0.27959060742490394 0.10504447866617324 0.2775234876772701 0.1077022040559883 0.2738322024136381 0.11246396204607352 0.2726509911292759 0.11412504041470793 0.2726509911292759 0.11467873320425273 0.2729462939503664 0.11456799464634376 0.2741275052347286 0.11390356329889002 0.2741275052347286 0.11191026925652872 0.2744228080558192 0.10836663540344203 0.2751610651085456 0.10460152443453742 0.27811409331945114 0.1054874328978091 0.27811409331945114 0.10371561597126573 0.2813624243514473 0.09463505422273107 0.27929530460381335
1 0.14424592816594486 0.28534901243616984 0.14723586922948675 0.2838724983307171 0.14889694759812117 0.283281892688536 0.14956137894557492 0.2835771955096265 0.14801103913484948 0.28608726948889623 0.14601774509248822 0.2869731779521679 0.14291706547103733 0.2869731779521679 0.1428063269131284 0.2862349208994415
1 0.15775603223083787 0.27324159677145704 0.15952784915738125 0.27146977984491366 0.16229631310510523 0.27043621997109674 0.16384665291583064 0.27043621997109674 0.16395739147373964 0.27132212843436837 0.16384665291583064 0.27338924818200233 0.16285000589464999 0.27442280805581926 0.16240705166301417 0.27678523062454374 0.16240705166301417 0.2791476531932682 0.16251779022092314 0.28047651588817574 0.16118892752601563 0.2772281848561795 0.1610781889681067 0.2760469735718173 0.15819898646247374 0.275899322161272 0.15764529367292893 0.2750134136980003
1 0.1730379532222743 0.2705838713816419 0.17735675698072373 0.2708791742027325 0.1826722077603538 0.2710268256132778 0.1905346453718899 0.2705838713816419 0.20271588674187543 0.2686644030445533 0.22741058515557333 0.2694026600972797 0.23327972872474823 0.27176508266600413 0.2346085914196557 0.2720603854870947 0.22120922591267164 0.2741275052347286 0.20692395194241586 0.2747181108769097 0.19817560586760805 0.2735368995925475 0.19175276950888842 0.27324159677145693 0.1826722077603538 0.27324159677145693 0.1741453388013639 0.27383220241363804
2 0.48801145016686187 0.07573174842364322 0.49166582257785746 0.07543644560255268 0.4935483780623098 0.07528879419200739 0.49620610345212485 0.07602705124473379 0.49587388777839797 0.07809417099236769
0 0.4450468354473534 0.4011398829708729 0.448823020272049 0.4004902167644736 0.45333007957894367 0.4004902167644736 0.4595425126776363 0.40032780021287384 0.467338507154427 0.40032780021287384 0.4696529430147243 0.4008150498676733 0.4670948823270272 0.40308888159007056 0.465633133362629 0.4032512981416703 0.46319688508863194 0.4064996291736665 0.4621005733653332 0.40861104434446394 0.46063882440093495 0.4102352098604621 0.45734988923103886 0.4108848760668613 0.45576632785294074 0.4103976264120618 0.45710626440363916 0.40536271331246787 0.45661901474883976 0.40243921538367133 0.4515028933734458 0.4022767988320715 0.4511374561323463 0.4032512981416703 0.4482139582035497 0.40406338089966937 0.44346327406925534 0.4037385477964698
1 0.04543603031004604 0.633024392265069 0.04860315306624228 0.6301008943362725 0.051526650995038815 0.6301008943362725 0.05371927444163621 0.6320498929554701 0.05676458478413259 0.6328619757134691 0.0613934565047271 0.6294512281298732 0.060297144781428405 0.6370848060550642 0.05591189788823361 0.6411452198450592 0.051526650995038815 0.6562499591438413 0.04933402754844142 0.6508902129410479 0.04945583996214127 0.6469922157026524 0.04787227858404315 0.6435814681190564 0.04470515582784691 0.6398458874322609 0.044096093759347636 0.6365975564002647
2 0.12668491024784956 0.6239290653754798 0.12863390886704726 0.6198686515854845 0.13058290748624493 0.6156458212438897 0.13460271713834016 0.6123974902118935 0.13850071437673553 0.6140216557278916 0.13935340127263451 0.6159706543470892 0.13947521368633437 0.6210055674466832 0.13923158885893466 0.6252283977882782 0.13862252679043538 0.6289639784750738 0.1331409681739419 0.6275022295106756 0.13241009369174278 0.6257156474430776 0.13167921920954365 0.6250659812366783 0.12924297093554654 0.6250659812366783 0.12705034748894914 0.6253908143398781
2 0.11011614576181722 0.5648181423535694 0.1104483614355441 0.5642275367113883 0.11188796268836056 0.5626033711953903 0.11210943980417848 0.560388600037211 0.11377051817281288 0.5595026915739394 0.11476716519399352 0.5608315542688469 0.11210943980417848 0.5640798853008431
2 0.19974494422762198 0.7159315592859709 0.19974494422762198 0.7129785310750651 0.20140602259625637 0.7131261824856103 0.20140602259625637 0.7151933022332444 0.20085232980671155 0.71814633044415 0.1999664213434399 0.71814633044415
2 0.24093968776975486 0.7677572043873637 0.240718210653937 0.7653947818186393 0.2416041191172086 0.7652471304080941 0.24359741315956987 0.7652471304080941 0.24448332162284156 0.7658377360502752 0.24492627585447738 0.7677572043873637 0.2441511059491147 0.7741062150408108 0.24271150469629824 0.7758780319673542 0.24149338055929967 0.7746968206829918 0.24105042632766385 0.7711531868299052
2 0.30682912972558574 0.7174080733914235 0.3069398682834947 0.7148979994121538 0.3083794695363112 0.7140120909488821 0.3097083322312187 0.7140120909488821 0.3097083322312187 0.7156362564648802 0.3084902080942201 0.7190322389074217
2 0.5182038026522978 0.6225913522385809 0.5182038026522978 0.6205779239129635 0.5195125310639491 0.6204436953579223 0.5203179023941961 0.6205779239129635 0.5222306593035327 0.6212490666881693 0.5245461018779927 0.6221886665734574 0.525049458959397 0.6237994092339514 0.5222306593035327 0.6263497517797335 0.52192864505469 0.6303766084309684 0.52192864505469 0.6326584938666682 0.5195125310639491 0.6311819797612154 0.51961320248023 0.6290343228805567 0.5198145453127917 0.6252759233394042 0.5187071597337022 0.6239336377889925
2 0.6160494004937914 0.5226014572754087 0.6265143049547459 0.5237806014400234 0.6327048118189726 0.524959745604638 0.6409588209712748 0.5267284618515599 0.6439066813828113 0.5275145579613029 0.6548137649054964 0.5296763222630964 0.6642469182224133 0.5310519904551467 0.672795713415869 0.5347859469764263 0.6642469182224133 0.5347859469764263 0.6508341533499221 0.5326241826746329 0.6477388999178088 0.531641562537454 0.6428749302387735 0.5314450385100182 0.634915707127625 0.5298728462905321 0.6276934491193605 0.528300654071046 0.6245981956872473 0.5273180339338672
2 0.802501571523475 0.576252516765373 0.8053020389144346 0.5740907524635795 0.8070707551613566 0.5744838005184512 0.8078077202642406 0.5754664206556299 0.8095764365111626 0.5778247089848592 0.8095764365111626 0.5813621414787029 0.8089868644288551 0.5845065259176752 0.8036807156880896 0.5823447616158818
2 0.772138609284649 0.5756629446830657 0.77302296740811 0.573697704408708 0.7750864696961856 0.5764490407928087 0.7750864696961856 0.5784142810671664 0.7746442906344551 0.5841134778628037 0.7746442906344551 0.5886335304938263 0.7756760417784928 0.5923674870151058 0.7764130068813769 0.5984597318656146 0.7764130068813769 0.6035693565789445 0.7764130068813769 0.6073033131002241 0.7758234347990696 0.6185051826640628 0.7750864696961856 0.6222391391853423 0.7683063907496517 0.6381575854076394 0.7681589977290747 0.6354062490235387 0.7686011767908052 0.6316722925022591 0.7703698930377272 0.6275452879261081 0.7724333953258025 0.6206669469658562 0.77302296740811 0.6145747021153475 0.7733177534492636 0.6074998371276599 0.7734651464698404 0.6000319240851008 0.7734651464698404 0.5933501071522846 0.7727281813669563 0.5860787181371613
0 0.9534082701510013 0.39208897847781815 0.9554882580906888 0.39097965157665143 0.9588162387941889 0.39097965157665143 0.9621442194976886 0.3906468535063014 0.964057808402201 0.39086871888653474 0.965721798753951 0.3935311034493347 0.967884986211226 0.39730281491330127 0.962726616120801 0.39941053602551785 0.962893015155976 0.3966372187726013 0.9613122243218137 0.395749757251668 0.9569858494072637 0.3948622957307347 0.9520770778696013 0.39330923806910145
2 0.9624596288688627 0.46347049164865817 0.9646744000270417 0.46287988600647706 0.9661140012798584 0.46287988600647706 0.966889171185221 0.4640610972908393 0.966889171185221 0.46642351985956376 0.9650066157007688 0.4683429881966524 0.9621274131951357 0.4662758684490184
