2 0.4162828870880809 0.8442026919992324 0.42026249864365517 0.845381836163847 0.42350514509634535 0.847936648520512 0.42601082644615135 0.8491157926851265 0.4304326170634561 0.8500984128223054 0.43588615882479864 0.8532427972612777 0.44001316340094976 0.8548149894807637 0.44694063536806056 0.8589419940569148 0.44885674463555925 0.859531566139222 0.4525415701499798 0.8618898544684513 0.4594690421170906 0.8648377148799878 0.46728087220766235 0.8673925272366528 0.473471379071889 0.8707334357030608 0.47627184646284865 0.8728952000048544 0.4681652303311232 0.8736812961145973 0.46536476294016355 0.8725021519499827 0.46050079326112836 0.868964719456139 0.4535733212940177 0.8664099070994741 0.4501832818207507 0.8650342389074237 0.44030794944210344 0.8609072343312725 0.42601082644615135 0.8532427972612777 0.4205572846848088 0.85127755698692 0.4139245987588517 0.8485262206028193
2 0.3509877789725474 0.8436131199169252 0.35452521146639127 0.8445957400541039 0.3598313602071569 0.8493123167125625 0.36631665311253725 0.8516706050417915 0.36941190654465056 0.853832369343585 0.37530762736772355 0.8567802297551215 0.3812033481907966 0.8589419940569148 0.3878360341167537 0.8634620466879375 0.39520568514559495 0.8668029551543455 0.40095401294809113 0.8679820993189602 0.4087658430386628 0.871323007785368 0.4114189174090457 0.8726986759774185 0.41068195230616156 0.8758430604163908 0.40567058960654945 0.8736812961145973 0.3903417154665597 0.868964719456139 0.3868042829727159 0.8664099070994741 0.3803189900673356 0.8618898544684513 0.37132801581214925 0.8556010855905067 0.36395836478330806 0.8534393212887132 0.3618948624952325 0.8534393212887132 0.3562939277133131 0.8489192686576907 0.3518721370960084 0.8459714082461542
2 0.792147145248967 0.7498971792565376 0.7949476126399267 0.7498971792565376 0.7961267568045414 0.7534346117503816 0.7965689358662719 0.757168568271661 0.7965689358662719 0.7589372845185829 0.7946528265987731 0.7575616163265326 0.7936210754547353 0.7567755202167896 0.7918523592078134 0.7528450396680743
2 0.0867039443543173 0.11845918093956578 0.09009398382758428 0.11865570496700155 0.09230487913623668 0.12514099787238184 0.08876744664239285 0.1282853823113541 0.08655655133374048 0.12514099787238184 0.08552480018970271 0.12337228162545993 0.08567219321027954 0.12003137315905191
2 0.11986737398410292 0.1276958102290468 0.12193087627217848 0.12455142579007454 0.1238469855396772 0.12455142579007454 0.1262052738689064 0.12573056995468915 0.1266474529306369 0.1312332427228906 0.11868822981948833 0.13359153105211982 0.11839344377833468 0.13103671869545483 0.1185408367989115 0.1294645264759687
2 0.15818955933407744 0.12062094524135922 0.15907391745753838 0.11963832510418036 0.1596634895398457 0.11983484913161614 0.1596634895398457 0.12435490176263878 0.15951609651926887 0.1259270939821249
2 0.15553648496369457 0.1760407209782454 0.15877913141638472 0.17525462486850235 0.15892652443696156 0.17741638917029576 0.15848434537523107 0.18468777818541915 0.15642084308715554 0.18429473013054762 0.1539151617373495 0.18095382166413956 0.15406255475792632 0.17741638917029576
2 0.16835967775387836 0.17682681708798845 0.1710127521242612 0.17682681708798845 0.1717497172271453 0.1791851054172177 0.1717497172271453 0.18232948985618996 0.17116014514483802 0.1837051580482403 0.16894924983618564 0.1837051580482403 0.1680648917127247 0.18252601388362572 0.1680648917127247 0.17997120152696072
1 0.3545256205122186 0.5022427498880533 0.35662965311248884 0.5022427498880533 0.3580692543653053 0.5026857041196892 0.3580692543653053 0.5056387323305948 0.3572940844599426 0.507410549257138 0.35485783618594546 0.5069675950255023 0.35441488195430965 0.5044575210462324
1 0.5351161972097934 0.4104776668738903 0.536223582788883 0.4090011527684375 0.5367772755784278 0.4090011527684375 0.5371094912521548 0.4106253182844356 0.5371094912521548 0.41269243803206945 0.536223582788883 0.41520251201133923 0.5344517658623397 0.41490720919024865 0.5345625044202487 0.4125447866215242
1 0.10952881806344525 0.10084247838784231 0.11023351797741138 0.10030556416767764 0.11103888930765833 0.10030556416767764 0.11134090355650096 0.10352704948866556 0.11023351797741138 0.10392973515378906 0.10942814664716438 0.10366127804370674
1 0.1355020434639103 0.10245322104833628 0.1372134575406851 0.10124516405296582 0.13842151453605556 0.1023189924932951 0.13489801496622505 0.10366127804370674
