1 0.20335045724006698 0.024527217784794306 0.20481476874960694 0.02172062072484272 0.2053638855656844 0.02013428325617443 0.20655363866718562 0.016473504482324534 0.20664515813653186 0.01110436228067802 0.20737731389130187 0.008663843098111421 0.20810946964607185 0.016473504482324534 0.20765187229934065 0.019646179419661108 0.20637059972849314 0.025503425457820937 0.2055469245043769 0.02586950333520593
2 0.28159550135813344 0.21148742739471366 0.2821314759784128 0.2079142632595179 0.28454336176967 0.20827157967303747 0.2858832983203684 0.21095145277443433 0.2858832983203684 0.21559656615018877 0.2844093681146001 0.21541790794342897
2 0.3212576232588064 0.24632577771287228 0.3242054836703429 0.24811235978047017 0.3272873377369492 0.2518641821224257 0.33130714738904454 0.25579466267114104 0.33452299511072064 0.25811721935901827 0.3382748174526762 0.2609757506671749 0.3413566715192825 0.26311964914829233 0.3430985890351905 0.26740744611052725 0.3436345636554698 0.2708019520389632 0.3414906651743524 0.2697300027984045 0.33733686186718725 0.2647275730091304 0.3354609506962095 0.2634769655618119 0.33077117276876516 0.2584745357725379 0.32795730601229844 0.25650929549818013 0.3221955788442953 0.2515068657089061 0.3211236296037365 0.25079223288186697 0.32098963594866675 0.24829101798722994
2 0.32313353442978415 0.31886100965734615 0.32608139484132065 0.31886100965734615 0.32849328063257777 0.3160024783491896 0.33090516642383494 0.31582382014242977 0.3330490649049524 0.3142158962815917 0.33492497607593014 0.31743174400326785 0.3354609506962095 0.3224341737925419 0.3333170522150921 0.327436603581816 0.3333170522150921 0.3299378184764529 0.33438900145565076 0.33386829902516835 0.33438900145565076 0.3361908557130456 0.332513090284673 0.3356548810927663 0.3294312362180667 0.33154574233729106 0.3264833758065302 0.3270792871682964 0.3248754519456922 0.3260073379277377 0.32179359787908574 0.3201116171046647
2 0.270206040677197 0.29027569657578006 0.27288591377859384 0.288667772714942 0.27663773612054937 0.28938240554198114 0.2720819518481748 0.29224093685013774
2 0.3446580663766889 0.6774354048996976 0.3451156637234201 0.6764591972266711 0.3463969362942676 0.6745067818806179 0.34859340355857754 0.6748728597580027 0.34859340355857754 0.6784116125727243 0.3476782088651151 0.6823164432648309 0.34429198849930387 0.6807301057961627 0.34365135221388016 0.6785336385318527
2 0.36811168287552737 0.7851578092158265 0.36792864393683494 0.7832053938697731 0.36792864393683494 0.7800327189324366 0.37039966960918363 0.7811309525645914 0.3718639811187236 0.7818631083193615 0.3744265262604185 0.7840595755836717 0.37158942271068474 0.7877203543575213 0.36838624128356623 0.7882084581940347
2 0.0881729693453273 0.9037895629504706 0.08968304058954038 0.8994942491891534 0.09209915458028131 0.899225792079071 0.09763608247572929 0.8974808208635359 0.09864279663853798 0.8988231064139476 0.09864279663853798 0.906608362606335 0.09179714033143868 0.912514419028146 0.08736759801508033 0.9092929337071584 0.08736759801508033 0.9047291628357587
2 0.0950186256524266 0.8915747644417249 0.09592466839895446 0.8895613361161074 0.09703205397804403 0.8888901933409017 0.09985085363390848 0.8888901933409017 0.10065622496415544 0.8888901933409017 0.10075689638043633 0.8911720787766015 0.09954883938506585 0.89331973565726 0.09562265415011184 0.8939908784324657 0.09431392573846048 0.8930512785471776
0 0.6454941269376849 0.006658234049523775 0.6454941269376849 0.003566911097959165 0.6474559280415625 0.005944851829931942 0.6487043469258481 0.006658234049523775 0.6472775824866644 0.0026157348051700545 0.6481693102611543 0.0009511762927891107 0.6501311113650317 0.004280293317550998 0.6501311113650317 0.006420439976326497 0.6504878024748276 0.009749557001088384 0.6483476558160521 0.009987351074285663 0.6465642002670726 0.009749557001088384
0 0.7736400471739696 0.0023582883292291995 0.774229619256277 0.0007860961097430666 0.7757035494620453 0.0011791441646145998 0.7776196587295439 0.0019652402743576664 0.7786514098735817 0.003930480548715333 0.7755561564414684 0.004520052631022633
