2 0.21005843395913623 0.022993311209984695 0.20961625489740573 0.015328874139989799 0.20961625489740573 0.011398393591274465 0.21079539906202033 0.008254009152302198 0.21374325947355685 0.0035374324938437997 0.216985905926247 0.0029478604115365 0.2199337663377835 0.0029478604115365 0.2258294871608565 0.008450533179737965 0.2258294871608565 0.012970585810760597 0.22612427320201015 0.0253515995392139 0.22641905924316374 0.027709887868443098 0.22641905924316374 0.03321256063664456 0.22509252205797237 0.03733956521279566 0.21462761759701776 0.04402138214561173 0.21064800604144357 0.03812566132253873 0.20976364791798258 0.030461224252543828 0.20976364791798258 0.0253515995392139
2 0.6779865314946918 0.05310079210905639 0.6783519687357914 0.04969004452546044 0.6799355301138895 0.04969004452546044 0.6806664045960886 0.04985246107706025 0.6806664045960886 0.05375045831545562 0.6796919052864898 0.056511539692652345 0.6774992818398924 0.055861873486253114
2 0.6623945425411102 0.10133850793419909 0.6631254170233095 0.0992270927634016 0.6638562915055087 0.0993895093150014 0.6648307908151074 0.10117609138259928 0.6656834777110064 0.10247542379539774 0.6656834777110064 0.10377475620819618 0.6656834777110064 0.10491167206939485 0.6640999163329083 0.10458683896619524 0.6616636680589112 0.10312509000179697
0 0.13458933980670554 0.4068426644527928 0.13890814356515496 0.4068426644527928 0.14267325453405957 0.4075809215055192 0.1453309799238746 0.409057435610972 0.1461061498292373 0.41289637228514936 0.1461061498292373 0.4158494004960549 0.14522024136596565 0.4159970519066001 0.1438913786710581 0.41466818921169263 0.14278399309196851 0.41141985817969645 0.1374685423123385 0.410090995484789
2 0.14306903403999605 0.4815984497920408 0.14395494250326774 0.4804172385076786 0.1448408509665394 0.4804172385076786 0.14683414500890068 0.4804172385076786 0.14694488356680965 0.48174610120258604 0.14561602087190215 0.48440382659240117 0.1442871581769946 0.4835179181291294
2 0.26808410364011087 0.722393334480858 0.2705897849899169 0.71905242601445 0.2730954663397229 0.7188559019870142 0.27324285936029974 0.7218037623985506 0.2728006802985693 0.7233759546180368 0.2695580338458791 0.7237690026729084
1 0.45866712112456354 0.6079729585823833 0.459948393695411 0.6068747249502284 0.46214486095972096 0.6068747249502284 0.46351765299991465 0.607118776868485 0.46415828928533837 0.6110236075605916 0.46122966626625855 0.6117557633153615 0.458850160063256 0.6094372700919233 0.45811800430848604 0.6091932181736667
0 0.5719867981825427 0.5431885900649799 0.5736507885342926 0.5428557919946299 0.5770619687553801 0.5421901958539299 0.5804731489764675 0.5425229939242798 0.5714876010770177 0.5462947053882464 0.5699068102428553 0.5451853784870798 0.5709884039714928 0.5430776573748631
1 0.6821760847040492 0.41412719744903037 0.683182798866858 0.4122968080621054 0.6841895130296668 0.4124188340212337 0.6841895130296668 0.4148593532038003 0.6827252015201267 0.41717784642723854 0.6813524094799331 0.4166897425907253
1 0.7426704539419188 0.4722115539941153 0.7426704539419188 0.46964900885242045 0.7434026096966888 0.46794064542462377 0.74459236279819 0.46745254158811045 0.7448669212062288 0.4716014241984737 0.7455990769609987 0.4753842289314519
1 0.8166014668523673 0.5447579637013843 0.817708852431457 0.5423955411326598 0.8195914079159092 0.542543192543205 0.8200343621475451 0.5432814495959314 0.8200343621475451 0.546234477806837 0.8185947608947286 0.5468250834490181
2 0.8493084475011702 0.5495120694861534 0.8495580460539327 0.5465168868530035 0.8513884354408576 0.5452966272617201 0.8543004185564201 0.5449638291913701 0.8532188248277827 0.5502885983169701 0.8487260508780579 0.5530619155698866 0.8492252479835827 0.5507323290774366
2 0.9703070060365232 0.4856608362094266 0.9703070060365232 0.48280230490126996 0.9720489235524312 0.48280230490126996 0.9728528854828501 0.4842315705553483 0.9728528854828501 0.4870901018635049 0.9719149298973613 0.4872687600702647
2 0.9319865925034752 0.645553327190872 0.932429546735111 0.6434862074432381 0.9336476708721096 0.6424526475694212 0.9358624420302887 0.6421573447483307 0.9364161348198337 0.6424526475694212 0.9361946577040157 0.6448150701381457 0.9361946577040157 0.6476204469385061 0.9340906251037455 0.6492446124545042 0.932429546735111 0.6489493096334136
2 0.9382986903042859 0.6749359578893827 0.9397382915571025 0.6741977008366562 0.9423960169469173 0.671982929678477 0.9431711868522803 0.6721305810890221 0.9423960169469173 0.6762648205842902 0.935419487798653 0.6778889861002882
2 0.9030838288892369 0.6430432532116025 0.9033053060050549 0.6405331792323327 0.9044126915841444 0.6392043165374252 0.9044126915841444 0.6403855278217876 0.9044126915841444 0.6420096933377855
1 0.9017549661943294 0.6960501095973577 0.902530136099692 0.6939829898497236 0.9049663843736891 0.6936876870286333 0.9050771229315981 0.6947212469024501 0.9049663843736891 0.6969360180606293 0.9033053060050549 0.6973789722922651 0.9021979204259651 0.6973789722922651
2 0.7506507097859424 0.6194778814142243 0.751092888847673 0.616333496975252 0.7530089981151717 0.6159404489203806 0.7528616050945948 0.620657025578839
2 0.756988609670746 0.6467947212277959 0.7600838631028592 0.6456155770631813 0.7637686886172799 0.6454190530357455 0.761115614246897 0.6507252017765113 0.7575781817530534 0.6499391056667682
2 0.405471382055355 0.701597859839526 0.4072400983022769 0.7000256676200399 0.4093036005903524 0.6968812831810677 0.412988426104773 0.6980604273456822 0.4138727842282341 0.7023839559492692 0.4095983866315061 0.7043491962236268 0.4066505262199696 0.7037596241413194
2 0.36066390380000024 0.9034280360160584 0.36022172473826974 0.8998906035222146 0.36095868984115387 0.8998906035222146 0.361695654944038 0.900283651577086 0.3625800130674989 0.9028384639337511 0.3625800130674989 0.9048037042081087 0.36287479910865256 0.90893070878426 0.36316958514980624 0.911288997113489 0.3625800130674989 0.9154160016896402 0.36066390380000024 0.9130577133604109 0.36051651077942337 0.9063758964275948
2 0.7056098146362448 0.9337340469472788 0.7035390036033473 0.9319474648796809 0.7031735663622478 0.9295112166056838 0.7056098146362448 0.9280494676412855 0.7070715636006432 0.9282118841928854 0.7075588132554426 0.930323299363683 0.7073151884280428 0.9373072110824746
2 0.8241427760148359 0.6821572714643189 0.8248072073622894 0.6806807573588659 0.8248072073622894 0.6789089404323226 0.8261360700571971 0.6787612890217773 0.8270219785204688 0.6794995460745038 0.8270219785204688 0.6823049228748641 0.8270219785204688 0.6834861341592263 0.8249179459201986 0.6834861341592263
0 0.8722481592336402 0.814554642559586 0.8723313587512277 0.8114485272363194 0.8739121495853902 0.8083424119130528 0.8747441447612652 0.806345623490953 0.8755761399371401 0.8091189407438695 0.8748273442788527 0.8118922579967861 0.8739121495853902 0.815553036770636 0.8732465534446903 0.8184372867136692 0.8719153611632902 0.8232073923886857 0.8716657626105276 0.8203231424456525 0.8715825630929401 0.8192138155444859
2 0.5548432083036979 0.7235411354562662 0.5556668835278142 0.7217107460693413 0.5568566366293155 0.7195142788050313 0.5577718313227779 0.7201244086006731 0.5578633507921241 0.7217107460693413 0.5578633507921241 0.7234191094971378
