2 0.26955600336092783 0.25172350690173023 0.26864020576798564 0.2510487086753518 0.2682546067814836 0.2505667099422243 0.26815820703485815 0.24982764521809547 0.26820640690817094 0.24902431399621633 0.26849560614804735 0.2486065817608392 0.26917040437442585 0.24851018201421368 0.26955600336092783 0.24834951576983783 0.2700862019673681 0.24764258429458422 0.2706887003837774 0.2471927188103319 0.2710501994336231 0.2466464535794541 0.272206996393129 0.24622872134407692 0.2733396934159786 0.24619658809520176 0.2742795909455772 0.24642152083732788 0.2746169900587664 0.24642152083732788 0.2750989887918939 0.24655005383282858 0.2760147863848361 0.2470641858148312 0.27681008429449644 0.24786751703671037 0.2770751835977166 0.24854231526308887 0.2774607825842185 0.24889578100071566 0.2778704815073769 0.2492492467383425 0.2785693796704118 0.2498919117158458 0.279485177263354 0.25098444217760146 0.2795815770099795 0.2516592404039799 0.28028047517301435 0.2529767036078617 0.28044917472960895 0.2538764345763663 0.28049737460292173 0.2541656338162428 0.28076247390614184 0.25541883052237424 0.2809552733993928 0.25606149549987756 0.28122037270261296 0.2569612264683822 0.2813167724492384 0.2577324244413862 0.2813167724492384 0.25837508941888954 0.28122037270261296 0.2587606884053915 0.28013587555307606 0.2586321554098908 0.2796538768199486 0.2577324244413862 0.279292377770103 0.2570576262150077 0.2791959780234775 0.2559329625043769 0.27907547834019564 0.25503323153587226 0.2790031785302265 0.25448696630499446 0.278906778783601 0.25345870234098916 0.27881037903697553 0.25291243711011135 0.278521179797099 0.2523340386303584 0.27801508112731516 0.25146644091072895 0.2777258818874387 0.25124150816860275 0.27758128226750045 0.2510487086753518 0.2773402829009367 0.2510808419242269 0.27736438283759307 0.2515628406573544 0.2774607825842185 0.2520769726393571 0.2776053822041568 0.25284817061236103 0.2776053822041568 0.2531373698522375 0.27758128226750045 0.25336230259436365 0.2775089824575313 0.2538764345763663 0.2775089824575313 0.2541013673184925 0.2773402829009367 0.2544548330561193 0.27709928353437296 0.2546476325493703 0.27652088505461997 0.2543584333094938 0.2763039856247126 0.25400496757186697 0.27606298625814885 0.2536836350831153 0.27594248657486703 0.25349083558986435 0.2755086877150522 0.25265537111911 0.2750989887918939 0.2519484396438564 0.27485798942533013 0.2515949739062296 0.27403859157901345 0.25127364141747793 0.2737011924658242 0.25127364141747793 0.2734119932259477 0.25127364141747793 0.27235159601306724 0.2512093749197276 0.272014196899878 0.25127364141747793 0.27194189708990885 0.2514985741596041 0.2715803980400633 0.2516913736528551 0.2712670988635304 0.25181990664835574 0.2707851001304029 0.2519484396438564 0.27054410076383917 0.2519484396438564 0.2700380020940553 0.2520448393904819
2 0.270047286398364 0.2689243638423571 0.2708724055810499 0.2678242049321092 0.2712162052405024 0.26718244556779785 0.2722476042188598 0.26635732638511195 0.27259140387831227 0.2667240460218613 0.27259140387831227 0.2685576442056078 0.2719725644912978 0.2696578031158557 0.27162876483184534 0.2707579620261036 0.27135372510428335 0.27130804148122756 0.2703910860578164 0.2709413218444782 0.27018480626214497 0.2701162026617923
2 0.2855182710737251 0.25801445464906536 0.28599959059695856 0.2576477350123161 0.28654967005208254 0.2576477350123161 0.28668718991586356 0.2583811742858147 0.28668718991586356 0.2601230925603738 0.28634339025641103 0.26103989165224706 0.28517447141427266 0.26122325147062175 0.2851057114823822 0.2602147724695612 0.2851057114823822 0.25929797337768795
2 0.27128035886550506 0.37636860053087806 0.272944349217255 0.37687284003140836 0.2740032521683686 0.3776796232322568 0.2746839754940845 0.3783855585329993 0.27559160659503906 0.38050336443522637 0.27559160659503906 0.3820160829368173 0.2749108832693231 0.3821169308369234 0.2739276162432891 0.3821169308369234 0.27286871329217544 0.3820160829368173 0.27211235404138 0.38120929973596884 0.27128035886550506 0.38009997283480224 0.27120472294042547 0.37919234173384775 0.27120472294042547 0.3775787753321508
2 0.2740032521683686 0.3687041601228177 0.27755814064710715 0.36910755172324194 0.2804323058001298 0.3675948332216511 0.2820206602268002 0.36628381052027237 0.28209629615187976 0.3677965290218632 0.2795246746991753 0.37011603072430255 0.27854140767314123 0.3704185744246207 0.2773312328718685 0.3706202702248328 0.2753646988198004 0.37001518282419643
2 0.2881471701582432 0.362149046615924 0.2892060731093568 0.3619473508157119 0.29003806828523176 0.3619473508157119 0.2899624323601523 0.3634600693173027 0.2888278934839591 0.3634600693173027 0.2880715342331637 0.3634600693173027 0.28761771868268643 0.36325837351709056 0.28716390313220913 0.3627541340165603
2 0.22282917360258414 0.5387278456885091 0.22526542187658122 0.5387278456885091 0.2257526715313806 0.5392150953433085 0.22623992118618005 0.5423010098237048 0.22489998463548166 0.5426258429269044 0.22331642325738352 0.5418137601689054 0.22234192394778468 0.5411640939625062
2 0.20528818602980492 0.5626030787736807 0.20626268533940378 0.5627654953252805 0.2071153722353028 0.5630903284284801 0.20748080947640232 0.5650393270476778 0.20723718464900262 0.5665010760120761 0.20577543568460435 0.5665010760120761 0.20492274878870537 0.5653641601508774
2 0.22489998463548166 0.5474983394748987 0.2257526715313806 0.5474983394748987 0.22709260808207904 0.5473359229232988 0.2283107322190776 0.5452245077525013 0.22940704394237627 0.5465238401652998 0.22818891980537775 0.5484728387844975 0.2269707956683792 0.5491225049908967 0.2239254853258828 0.5489600884392969 0.22356004808478325 0.5483104222328976
1 0.27667026045792015 0.5728353215244686 0.27874107149081767 0.5721856553180694 0.27947194597301683 0.5746219035920664 0.27947194597301683 0.5755964029016654 0.27801019700861856 0.5760836525564648 0.27679207287162 0.5755964029016654 0.2765484480442203 0.5749467366952661
2 0.10361876739571375 0.9376979528223134 0.10611560516428517 0.9365089824563271 0.10825575182306067 0.9365089824563271 0.10950417070734637 0.937460158749116 0.10968251626224435 0.9407892757738778 0.10593725960938721 0.9426916283594562 0.1043321496153056 0.9422160402130616 0.1034404218408158 0.9422160402130616 0.10290538517612192 0.9405514817006807
2 0.11396280957979533 0.9876347081937417 0.11663799290326471 0.9857323556081634 0.11859979400714224 0.9852567674617689 0.12127497733061161 0.9852567674617689 0.12163166844040753 0.988110296340136 0.12198835955020344 0.9931039718772791 0.11984821289142795 0.9933417659504762 0.11592461068367287 0.9933417659504762 0.11217935403081575 0.9933417659504762 0.11110928070142799 0.9933417659504762 0.11093093514653002 0.9916772074380954 0.1114659718112239 0.9904882370721091 0.1123576995857137 0.9900126489257144
2 0.12805210841673403 0.9945307363164627 0.12876549063632586 0.9938173540968708 0.13090563729510135 0.9938173540968708 0.13090563729510135 0.9959575007556464 0.12876549063632586 0.9980976474144218 0.12751707175204016 0.9976220592680274
2 0.17460029824510115 0.9479230979697963 0.17674044490387664 0.9469719216770074 0.17727548156857054 0.9526789794337418 0.17442195269020322 0.9526789794337418 0.1735302249157134 0.9517278031409527
2 0.18226915710571334 0.946020745384218 0.18494434042918273 0.946020745384218 0.18583606820367252 0.9464963335306126 0.18583606820367252 0.9500632446285718 0.18369592154489703 0.9512522149945581 0.18244750266061127 0.950301038701769 0.18226915710571334 0.9491120683357827
2 0.16764482160408076 0.9327042772851706 0.16942827715306033 0.9324664832119732 0.17139007825693792 0.9324664832119732 0.17085504159224402 0.9355578061635377 0.16907158604326444 0.9355578061635377
2 0.39754057280001864 0.46644022323741025 0.398076547420298 0.46590424861713087 0.4003544395564853 0.4655469322036113 0.40075642052169486 0.46661888144416996 0.399818464936206 0.4682268053050082
2 0.3620414764428552 0.01926131992897949 0.363111549772243 0.012603085879455715 0.36543004198591655 0.011889703659863884 0.3661434242055083 0.015932202904217603 0.3661434242055083 0.019499114002176767 0.3661434242055083 0.02520617175891143 0.36489500532122254 0.029962053222856985 0.3645383142114267 0.03210219988163249 0.3623981675526512 0.03210219988163249 0.36186313088795735 0.029010876930067875 0.36186313088795735 0.027584112490884213 0.36186313088795735 0.0244927895393196 0.36221982199775327 0.021877054734149547
2 0.6614997679677832 0.11600142668001447 0.6621404042532069 0.11404901133396118 0.6641538325788244 0.11234064790616459 0.6645199104562094 0.11417103729308951 0.6648859883335944 0.11783181606693943 0.664062313109478 0.11978423141299271 0.664062313109478 0.12198069867730264 0.664062313109478 0.12649565916505084 0.6637877547014394 0.1312546715710557 0.6637877547014394 0.13320708691710897 0.6633301573547081 0.1357696320588039 0.6633301573547081 0.13967446275091047 0.663238637885362 0.14248105981086207 0.663238637885362 0.14577576070732695 0.6629640794773232 0.14980261735856185 0.6619573653145144 0.1519990846228718 0.6605845732743209 0.14955856544030519 0.6604015343356283 0.14650791646209693 0.6604015343356283 0.14284713768824706 0.6604930538049745 0.1397964887100388 0.6607676122130133 0.13686786569095888 0.6607676122130133 0.13332911287623733 0.6608591316823594 0.13137669753018405 0.6615912874371294 0.12759389279720582 0.6609506511517057 0.12344501018684259 0.6609506511517057 0.12051638716776267 0.6609506511517057 0.11856397182170939
0 0.801833621773459 0.09467555313743091 0.8022912191201903 0.09357731950527595 0.8033894527523452 0.092113007995736 0.8043961669151538 0.09113680032270935 0.8052198421392701 0.09113680032270935 0.8052198421392701 0.09223503395486432 0.8052198421392701 0.09321124162789098 0.8044876863845001 0.09467555313743091 0.8038470500990763 0.0957737867695859 0.8033894527523452 0.09711607231999754 0.8023827385895365 0.09821430595215248 0.8019251412428052 0.09760417615651082 0.801467543896074 0.09711607231999754 0.801833621773459 0.09650594252435588
2 0.8475018369772365 0.06564996601104148 0.848417031670699 0.06467375833801484 0.8493322263641615 0.06442970641975818 0.8499728626495852 0.06442970641975818 0.8499728626495852 0.06564996601104148 0.8493322263641615 0.0666261736840681 0.8485085511400452 0.06809048519360807 0.8476848759159289 0.06784643327535142 0.8466781617531203 0.06748035539796643 0.8466781617531203 0.06711427752058143
2 0.8159375041296516 0.15724396153637718 0.8169442182924604 0.15724396153637718 0.8176489182064265 0.1575124186464595 0.8177495896227075 0.1583177899767065 0.81805160387155 0.16019698974728278 0.8163401897947752 0.15992853263720044 0.8156354898808089 0.15952584697207697 0.8155348184645281 0.15885470419687117
2 0.7894609216477823 0.16784801738462907 0.7906689786431528 0.16731110316446443 0.7916756928059615 0.1674453317195056 0.7927830783850511 0.16851916015983487 0.7929844212176128 0.17012990282032883 0.792883749801332 0.17174064548082277 0.7919777070548042 0.17241178825602863 0.7906689786431528 0.17214333114594627 0.7898636073129057 0.17120373126065813 0.7891589073989397 0.17012990282032883 0.7890582359826588 0.16959298860016417
2 0.7950985209595111 0.17281447392115207 0.7959038922897581 0.17281447392115207 0.7967092636200052 0.17294870247619326 0.7975146349502521 0.17415675947156373 0.7975146349502521 0.17549904502197536 0.7970112778688477 0.1765728734623046 0.7960045637060389 0.17643864490726352 0.7950985209595111 0.17603595924214 0.7947965067106685 0.17496213080181067
2 0.9468626260778954 0.281434912571993 0.947777820771358 0.281434912571993 0.9488760544035127 0.28167896449024965 0.9501573269743604 0.28167896449024965 0.9507064437904377 0.282533146204148 0.9502488464437066 0.28411948367281625 0.9486930154648203 0.2850956913458429 0.9475947818326653 0.28521771730497125 0.9471371844859341 0.28521771730497125 0.9465880676698566 0.2842415096319446 0.9459474313844329 0.2830212500406613
1 0.03701505281508637 0.5368586109841863 0.03763389220210082 0.5363085315290623 0.038183971657224765 0.536216851619875 0.038527771316677235 0.5371336507117482 0.03866529118045823 0.5385088493495581 0.038871570976129706 0.540984206897616 0.03914661070369168 0.5434595644456737 0.03839025145289625 0.5441930037191723 0.03763389220210082 0.5441930037191723 0.037290092542648354 0.543551244354861 0.03701505281508637 0.5423594055354258 0.03680877301941489 0.5411675667159905 0.03680877301941489 0.54015908771493 0.03680877301941489 0.5390589288046821
2 0.4588344730556562 0.8404617945276445 0.4609421932499048 0.8400294416672858 0.46369844273469146 0.8400294416672858 0.46499550131576756 0.8456500288519487 0.4638605750573259 0.8484603224442802 0.46175285486307727 0.8484603224442802 0.4601315316367323 0.8467309110028455 0.45932087002355976 0.8443529702708726 0.45834807608775274 0.8434882645501554
2 0.4071142621352483 0.867267671869883 0.40841132071632447 0.8668353190095243 0.409870511620035 0.8668353190095243 0.40954624697476594 0.8694294361716766 0.4082491883936899 0.8711588476131111 0.4067899974899794 0.8707264947527525
2 0.4959627749389584 0.6647103567918383 0.49661130422949645 0.6640618275013003 0.4998539506821866 0.6623324160598656 0.5016374062311663 0.6623324160598656 0.5016374062311663 0.6636294746409416 0.5013131415858971 0.6655750625125557 0.499367553714283 0.667088297523811 0.49839475977847597 0.6701147675463219 0.4958006426163239 0.6701147675463219 0.49417931938997883 0.6683853561048871 0.49353079009944084 0.6677368268143492
2 0.5009888769406282 0.6735735904291915 0.5013131415858971 0.6718441789877567 0.5027723324896077 0.6718441789877567 0.5050421850064908 0.6722765318481153 0.5053664496517598 0.6735735904291915 0.5053664496517598 0.6770324133120609 0.5052043173291253 0.6787618247534956 0.5045557880385872 0.6804912361949303 0.5035829941027803 0.6807074126251096 0.5013131415858971 0.6804912361949303 0.500016083004821 0.679626530474213 0.500016083004821 0.6776809426025988
1 0.4679068668616658 0.9781858329546299 0.46908601102628045 0.9785788810095013 0.47011776217031825 0.9801510732289874 0.47011776217031825 0.9821163135033453 0.46982297612916457 0.9842780778051385 0.46864383196455 0.9852606979423174 0.467759473841089 0.9840815537777029 0.46746468779993544 0.9827058855856525 0.46746468779993544 0.9813302173936022
2 0.4988803005688191 0.9609512059037777 0.49998768614790867 0.9610854344588191 0.500491043229313 0.9614881201239425 0.5005917146455939 0.9632330913394775 0.5005917146455939 0.9651122911100539 0.499685671899066 0.9653807482201361 0.4989809719851 0.9644411483348481 0.49857828631997647 0.9633673198945186 0.49847761490369563 0.9626961771193129 0.49847761490369563 0.9613538915689013
2 0.6679250557647828 0.6346418907853265 0.6692978478049764 0.6337877090714282 0.6702130424984389 0.6337877090714282 0.6708536787838626 0.6362282282539946 0.670579120375824 0.638180643600048 0.6698469646210541 0.6384246955183047 0.6686572115195527 0.6376925397635347 0.6679250557647828 0.6370824099678931 0.6671929000100129 0.6359841763357381
2 0.6802801841265261 0.6594131604883774 0.6814699372280273 0.6590470826109924 0.6822936124521436 0.6590470826109924 0.6829342487375673 0.659657212406634 0.6829342487375673 0.662219757548329 0.6822020929827972 0.662951913303099 0.6810123398812962 0.6624638094665856 0.6800971451878336 0.6613655758344307 0.6799141062491413 0.6605113941205325
2 0.9252569992654918 0.8158062437391742 0.9282048596770284 0.8146270995745595 0.9301209689445271 0.8148236236019951 0.9301209689445271 0.8193436762330178 0.9286470387387589 0.8236672048366048 0.9283522526976051 0.8264185412207055 0.9267309294712601 0.8246498249737836 0.9261413573889529 0.8209158684525039 0.9254043922860687 0.8197367242878895
2 0.814889911697388 0.9615205954280768 0.816511234923733 0.9613044189978973 0.8179704258274437 0.9619529482884353 0.818132558150078 0.96368235972987 0.8174840288595402 0.9662764768920222 0.8157005733105607 0.9660603004618429 0.8140792500842154 0.9647632418807669
2 0.8332108641550875 0.8168985636380961 0.834670055058798 0.8153853286268405 0.8359671136398741 0.8158176814871994 0.836291378285143 0.8186279750795307 0.8366156429304121 0.821870621532221 0.8338593934456254 0.8201412100907862
2 0.7086240187663687 0.43542194045431176 0.7096049193183075 0.43542194045431176 0.7115667204221849 0.43568351393482874 0.7121552607533482 0.43803767525948184 0.7113705403117971 0.43934554266206677 0.7092125590975319 0.43986868962310083 0.7072507579936542 0.4388223957010328 0.706662217662491 0.43672980785689675
2 0.7215719060519603 0.43672980785689675 0.7241222474870013 0.43672980785689675 0.7252993281493277 0.43672980785689675 0.7276534894739808 0.43646823437637977 0.7296152905778583 0.43646823437637977 0.7311847314609604 0.4375145282984478 0.7321656320128992 0.43934554266206677 0.7311847314609604 0.44039183658413494 0.729026750246695 0.44039183658413494 0.7260840485908788 0.44039183658413494 0.723533707155838 0.44013026310361786
2 0.8076949745121844 0.41371134157140027 0.809656775616062 0.41031088632467916 0.8116185767199395 0.41031088632467916 0.8125994772718783 0.4147576354934683 0.8110300363887762 0.41737337029863836 0.8088720551745109 0.4171117968181213
0 0.8500896699294342 0.4543367173790059 0.8519200593163592 0.4545585827592392 0.8537504487032842 0.45466951544935585 0.8577440255474841 0.45466951544935585 0.8603232105926965 0.45466951544935585 0.8626527970851463 0.45533511159005585 0.8648159845424214 0.45522417889993927 0.8663967753765838 0.4550023135197059 0.8658143787534712 0.4566663038714559 0.863401592743434 0.4566663038714559 0.8580768236178341 0.4567772365615725 0.8556640376077966 0.4563335058011058 0.8535840496681092 0.4563335058011058 0.8517536602811842 0.4558897750406391
2 0.8027075512139558 0.5742144783145011 0.8051437994879528 0.5711285638341047 0.8092854215537478 0.568367482456908 0.8109907953455459 0.5659312341829109 0.8117216698277449 0.5649567348733121 0.8158632918935402 0.5630077362541144 0.8175686656853379 0.5617084038413159 0.8240247236114303 0.5561862410869225 0.8299935318827232 0.5509889114357287 0.8330388422252196 0.549039912816531 0.8401039622198112 0.5475781638521326 0.8460727704911042 0.5472533307489331 0.8422965856664086 0.549039912816531 0.8338915291211186 0.5511513279873285 0.8325515925704202 0.5526130769517267 0.8292626574005242 0.554886908674124 0.823415661542931 0.5594345721189187 0.8204921636141346 0.5620332369445156 0.8182995401675371 0.5643070686669128 0.8152542298250408 0.5652815679765116 0.8123307318962444 0.568367482456908 0.8101381084496468 0.5696668148697065 0.8081891098304491 0.5721030631437036 0.805752861556452 0.5742144783145011
0 0.8369551075242326 0.7988477737831678 0.8372989071836853 0.796922495690234 0.8390866654128379 0.7949972175973001 0.8411494633695527 0.7927052198676171 0.8419745825522388 0.7926135399584298 0.8416995428246768 0.793805378777865 0.8405993839144288 0.7955472970524242 0.8377802267069187 0.7991228135107298 0.8372301472517947 0.8018732107863495 0.8358549486139847 0.8018732107863495 0.8359237085458753 0.8005896920577271
0 0.9263343262815892 0.44683280567274486 0.9263343262815892 0.4448803903266916 0.9267919236283203 0.44158568943022664 0.9273410404443978 0.4401213779206866 0.927432559913744 0.4419517673076116 0.927432559913744 0.44414823457192154 0.927432559913744 0.44536849416320495 0.927432559913744 0.4467107797136165 0.927432559913744 0.4484191431414131 0.9261512873428965 0.44866319505966984
2 0.9884074164416028 0.19596557549203822 0.9890325067315163 0.19475327917220583 0.9895439442414455 0.19490481621218486 0.9896007706314378 0.19596557549203822 0.9896007706314378 0.1971021032918811 0.9894302914614614 0.19899631629161924 0.9885210692215872 0.19748094589182869 0.9882369372716263 0.19717787181187063
