0 0.3203027442858196 0.12437181604661357 0.32042455669951947 0.12242281742741587 0.32237355531871714 0.12128590156621723 0.322495367732417 0.12323490018541491 0.322495367732417 0.12826981328500892 0.3229826173872164 0.13184297742020468 0.3229826173872164 0.13639064086499927 0.3229826173872164 0.1394765553453956 0.3231044298009163 0.14564838430618826 0.322495367732417 0.148409465683385 0.32139905600911833 0.14824704913178519 0.3210336187680187 0.14304971948059136 0.320789993940619 0.1370403070713985 0.3205463691132194 0.1308684781106058 0.3205463691132194 0.12810739673340912
2 0.37243845734935777 0.07450993470547278 0.3737783939000562 0.07109918712187682 0.3753619552781543 0.07109918712187682 0.37572739251925386 0.07223610298307548 0.37621464217405326 0.07548443401507161 0.37621464217405326 0.0775958491858691 0.3745092683822553 0.07775826573746891 0.373047519417857 0.07678376642787008
1 0.38575675937975695 0.25273882679823234 0.3861594450448805 0.25126231269277954 0.3868641449588466 0.25126231269277954 0.3868641449588466 0.2534099695734381 0.3874681734565318 0.25408111234864394 0.3879715305379361 0.25555762645409674 0.38877690186818314 0.256631454894426 0.39018630169611535 0.25770528333475534 0.3908910016100815 0.2593160259952493 0.39079033019380055 0.26092676865574327 0.38958227319843014 0.2603898544355786 0.3884748876193405 0.25904756888516695 0.3868641449588466 0.25770528333475534 0.3860587736285996 0.256631454894426 0.38575675937975695 0.2550207122339321
0 0.32498775153572085 0.3738344151321707 0.32498775153572085 0.3702907812790841 0.3245447973040851 0.3663041931943615 0.3245447973040851 0.36261290793072953 0.32587365999899254 0.361284045235822 0.32587365999899254 0.36394177062563704 0.32587365999899254 0.36541828473108995 0.3262058756727194 0.368666615763086 0.32631661423062835 0.36955252422635765 0.3262058756727194 0.3729485066688991
1 0.5126686790705237 0.5752706395525118 0.5137000780488811 0.5735287212779526 0.5144564372996766 0.5726119221860794 0.5145251972315671 0.5751789596433244 0.5139063578445526 0.58012967473944 0.5132187585256477 0.5793045555567541 0.5127374390024142 0.5763707984627597
1 0.5034548481971975 0.5678445669083385 0.5034548481971975 0.5646357700867821 0.50379864785665 0.5631688915397849 0.5045550071074455 0.5633522513581595 0.5045550071074455 0.5653692093602807 0.5042799673798835 0.5701365646380215
2 0.6686687997674473 0.7819535336730484 0.6691109788291779 0.779005673261512 0.6707323020555228 0.7736995245207463 0.6729431973641752 0.7762543368774114 0.6727958043435984 0.7801848174261266 0.6725010183024448 0.7833292018650989 0.6713218741378302 0.7872596824138143 0.6695531578909082 0.7868666343589426
2 0.6982947969033891 0.8187035268035369 0.7005056922120416 0.8187035268035369 0.7013900503355024 0.8216513872150735 0.7015374433560793 0.8249922956814815 0.7034535526235781 0.8326567327514763 0.7040431247058853 0.8344254489983982 0.7050748758499232 0.8391420256568567 0.7047800898087694 0.8444481743976223 0.7046326967881926 0.8487717030012092 0.7069909851174218 0.854077851741975 0.7071383781379985 0.8584013803455618 0.7071383781379985 0.8642971011686348 0.7046326967881926 0.8670484375527354 0.7013900503355024 0.8699962979642719 0.69917915502685 0.8711754421288866 0.6987369759651196 0.8668519135252999 0.697557831800505 0.8623318608942772 0.6972630457593513 0.8587944284004333 0.6971156527387745 0.8552569959065894 0.6962312946153136 0.8487717030012092 0.6959365085741599 0.842286410095829 0.6969682597181976 0.8383559295471136 0.6981474038828123 0.8342289249709626 0.6981474038828123 0.827940156093018 0.697557831800505 0.8226340073522522
2 0.6980915303315818 0.9201368407694619 0.6988236860863517 0.9167201139138688 0.6993728029024294 0.9134254130174039 0.7004710365345842 0.9128152832217622 0.7006540754732768 0.9151337764452004 0.7006540754732768 0.917940373505152 0.7006540754732768 0.9217231782381302 0.7006540754732768 0.9240416714615685 0.7004710365345842 0.9274583983171618 0.6998304002491605 0.93050904729537 0.6988236860863517 0.933559696273578 0.6968102577607344 0.9431997470447163 0.6955289851898869 0.9447860845133846 0.6944307515577318 0.9450301364316412 0.6951629073125019 0.9414913836169199 0.696261140944657 0.9391728903934813 0.6969017772300806 0.9357561635378882 0.6969017772300806 0.9318513328457816 0.697084816168773 0.9289227098267017 0.6978169719235432 0.9247738272163385
2 0.6675240275699352 0.8676656783442802 0.6685307417327437 0.8652251591617134 0.6697204948342451 0.8657132629982267 0.6697204948342451 0.8681537821807933 0.6691713780181676 0.8712044311590017 0.6666088328764727 0.8692520158129484 0.6666088328764727 0.8674216264260234
1 0.6707272089970538 0.9240416714615685 0.6711848063437852 0.9198927888512052 0.6736558320161337 0.9213571003607453 0.6755777408724051 0.9245297752980817 0.6756692603417512 0.928678657908445 0.6740219098935188 0.9319733588049098 0.6721000010372474 0.9328275405188083 0.6711848063437852 0.9328275405188083 0.6690798585488212 0.9333156443553215 0.6690798585488212 0.9295328396223432
