2 0.01853921661175315 0.05640099701603774 0.020889258154088052 0.05500837980576521 0.021672605334866358 0.05744545992374214 0.021672605334866358 0.061275157251991626 0.01853921661175315 0.061275157251991626
2 0.15745278333643872 0.11489091984748429 0.16058617205955192 0.11315014833464362 0.16371956078266514 0.11523907415005243 0.16215286642110854 0.11976508008343817 0.15980282487877362 0.11872061717573378
2 0.16058617205955192 0.1932256379253145 0.16189175069418243 0.19287748362274637 0.16241398214803465 0.19809979816126838 0.1595417091518475 0.19705533525356397
2 0.8542228304843875 0.0643086679632912 0.855562767035086 0.06317175210209255 0.8562936415172853 0.06317175210209255 0.8567808911720847 0.0667449162372883 0.8565372663446849 0.07080533002728348 0.854831892552887 0.07096774657888329 0.8536137684158883 0.0691811645112854 0.8536137684158883 0.06690733278888811
2 0.6495779754686307 0.04174105376115043 0.651770598915228 0.03979205514195275 0.6525014733974273 0.03979205514195275 0.6526232858111272 0.04239071996754966 0.6506742871919294 0.04417730203514754 0.6499434127097302 0.04369005238034811
0 0.31719701828583635 0.2904248930708143 0.3184050752812069 0.2905591216258555 0.3188077609463303 0.29324369272667883 0.3190091037788921 0.29579403527246084 0.319109775195173 0.29794169215311944 0.3170963468695555 0.2953913496073374 0.3170963468695555 0.2932436927266787 0.3170963468695555 0.29216986428634945
0 0.48064809418797483 0.06772770201711957 0.4810135314290743 0.06707803581072035 0.4835715921167713 0.06675320270752073 0.4834497797030714 0.06902703442991803 0.4808917190153744 0.07016395029111668
0 0.4899058376291638 0.11369158611986499 0.49136758659356206 0.11369158611986499 0.49416927210865874 0.11255467025866633 0.49624008314155627 0.11255467025866633 0.4957528334867568 0.11369158611986499 0.4942910845223586 0.11434125232626421 0.4903930872839632 0.11547816818746287
2 0.4532859936151085 0.5902979395922208 0.45561150333119665 0.5902979395922208 0.4580477516051938 0.5895596825394943 0.4608162155529177 0.5895596825394943 0.46679609768000163 0.5895596825394943 0.47510148952317366 0.5891167283078584 0.4799739860711677 0.5888214254867681 0.47399410394408387 0.5904455910027661 0.4712256399963598 0.5904455910027661 0.46679609768000135 0.5911838480554924 0.46502428075345803 0.5922174079293094 0.46247729392155196 0.5920697565187641 0.4542826406362889 0.5913314994660378
0 0.4884408555741728 0.789310644797002 0.4898804568269894 0.789310644797002 0.4941992605854387 0.7912301131340905 0.49707846309107173 0.7924113244184529 0.49940397280715987 0.7931495814711792 0.5009543126178853 0.7935925357028151 0.5048301621446989 0.7965455639137207 0.5079308417661497 0.7975791237875376 0.5116959527350543 0.7996462435351716 0.5170114035146844 0.8011227576406241 0.5233235013154951 0.80407578585153 0.5355047426854805 0.8110154021471581 0.5425920103916541 0.8136731275369731 0.5446960429919243 0.8148543388213354 0.548018199729193 0.8166261557478787 0.5485718925187378 0.8178073670322408 0.5487933696345557 0.8229751664013256 0.5460249056868317 0.8206127438326011 0.5413738862546554 0.8172167613900598 0.5368336053803882 0.8158878986951522 0.5334007100852103 0.8150019902318805 0.5280852593055804 0.8105724479155222 0.5256490110315832 0.8098341908627957 0.5198906060203173 0.8070288140624355 0.5187832204412277 0.8064382084202542 0.5156825408197768 0.8052569971358922 0.5140214624511424 0.8048140429042563 0.5058268091658794 0.8012704090511698 0.5027261295444286 0.7993509407140809 0.5002898812704315 0.7980220780191735 0.4950851690487104 0.7947737469871773 0.4920952279851685 0.7935925357028151 0.4886623326899908 0.7915254159551811 0.4871119928792654 0.789310644797002
2 0.8038538390462668 0.811982980984535 0.8057297502172446 0.8107323735372165 0.807069686767943 0.8107323735372165 0.8054617629071049 0.81609211974001 0.8042558200114763 0.8157348033264907 0.8037198453911969 0.8150201704994514
2 0.770087437968667 0.8277049031793964 0.7738392603106224 0.8277049031793964 0.7746432222410415 0.830563434487553
2 0.7779930636177874 0.8318140419348714 0.7801369620989049 0.8319927001416313 0.7802709557539749 0.8341365986227487
2 0.9455985760416445 0.8166280943602894 0.9476084808676923 0.8137695630521329 0.9500203666589495 0.8173427271873286 0.9489484174183906 0.8209158913225244 0.9470725062474128 0.8221664987698428 0.9449286077662953 0.8214518659428036 0.9439906521808065 0.819486625668446
2 0.09679012455796589 0.8123209813089811 0.09930690996498769 0.811247152868652 0.10041429554407727 0.8116498385337754 0.10081698120920077 0.8139317239694752 0.09981026704639205 0.8166162950702984 0.09930690996498769 0.8182270377307923 0.09759549588821285 0.817153209290463 0.09699146739052762 0.8160793808501338
2 0.004127528067515758 0.8140659525245162 0.0047315565652009915 0.8139317239694752 0.006040284976852331 0.8148713238547632 0.006342299225694945 0.8166162950702984 0.006140956393133201 0.8186297233959159 0.003926185234954014 0.8164820665152572
0 0.021507075296368142 0.449772258291371 0.024344178846101808 0.449772258291371 0.027181282395835484 0.45001631020962773 0.03239789214857158 0.4509925178826543 0.03578411251438274 0.4509925178826543 0.03651626826915272 0.4509925178826543 0.03560107357569025 0.4518466995965526 0.031391177985762866 0.4518466995965526 0.029194710721452924 0.4517246736374243 0.02754736027322047 0.4520907515148093 0.024252659376755564 0.451968725555681 0.021690114235060638 0.4513585957600393
