2 0.09330315942188298 0.04567326384968565 0.09386574068280516 0.045589918477697174 0.0944283219437274 0.045589918477697174 0.09461584903070148 0.04667340831354738 0.09411577679877063 0.047340171289455196 0.0931156323349089 0.047340171289455196 0.09286559621894347 0.047006789801501296
2 0.10339174164691425 0.08733428149184601 0.10414810089770969 0.08723343359173995 0.10482882422342557 0.08804021679258843 0.10452628052310739 0.08935123949396714 0.1033161057218347 0.08935123949396714 0.10278665424627789 0.08844360839301264
2 0.10074448426913023 0.09106565379577015 0.10150084351992567 0.09106565379577015 0.10218156684564156 0.09126734959598228 0.10218156684564156 0.09257837229736103 0.10112266389452795 0.0930826117978913
2 0.10104702796944838 0.09550296140043671 0.10180338722024382 0.09530126560022457 0.1022572027707211 0.09630974460128515 0.1022572027707211 0.09711652780213362 0.10082012019420977 0.09751991940255784 0.10021503279357341 0.09610804880107304
2 0.10588772717453918 0.10205807490733046 0.10664408642533461 0.10175553120701225 0.10724917382597095 0.10175553120701225 0.10800553307676637 0.10346994550881523 0.10709790197581187 0.10457927240998188 0.10581209124945962 0.10397418500934555
2 0.12605484794589727 0.05632008304146962 0.12697004263935976 0.05665288111181961 0.12746923974488475 0.0582059387734529 0.12680364360418475 0.05998086181531951 0.1256388503579598 0.05964806374496952 0.1250564537348473 0.058095006083336224 0.1250564537348473 0.05687474649205293
2 0.10263289032094573 0.09621089376578915 0.10314522441554058 0.09626781977629967 0.1035294749864867 0.09695093190242612 0.1035294749864867 0.09757711801804202 0.10284636286036025 0.09774789604957364 0.10229133425788252 0.09769097003906312 0.10229133425788252 0.09660937583936292
2 0.01591340748362743 0.5780828238887528 0.016689671263316573 0.577424175833259 0.01753650447752291 0.5774712221229371 0.01785406693285029 0.5790707959719935 0.01795992108462608 0.5812349252971875 0.016901379566868158 0.581752434483647 0.01591340748362743 0.5808585549797625 0.015631129745558654 0.5795412588687748
2 0.17785182576391245 0.5899212922547441 0.17910282937580824 0.5900068309632498 0.17945567654839423 0.5904772938600311 0.17971229267391128 0.5920169906131336 0.17932736848563569 0.5928723776981905 0.178332980999257 0.593000685760949 0.17753105560701615 0.5927013002811791 0.17704990037167165 0.5915037583620995 0.17727443948149907 0.5903062164430197
2 0.2187166362231382 0.5825892371382296 0.21945408681384287 0.5823822334636459 0.2201139110265786 0.5823822334636459 0.22042441653845427 0.5830032444873973 0.22073492205032996 0.5848662775586512 0.220230350593532 0.5853320358264646 0.21949290000282728 0.5853320358264646 0.2188330757900915 0.585021530314589 0.2182508779553247 0.5844005192908377 0.21828969114430916 0.5834172518365648
2 0.239248813195916 0.5649421738799631 0.24087896713326323 0.5650456757172551 0.24204336280279695 0.5649939247986091 0.24266437382654826 0.5649421738799631 0.2432853848502996 0.5652009284731929 0.24421690138592658 0.5652009284731929 0.2448767255986623 0.5652009284731929 0.24530367067749131 0.5652009284731929 0.24561417618936704 0.5652009284731929 0.24623518721311832 0.5651491775545469 0.2467009454809318 0.5651491775545469 0.24716670374874533 0.5651491775545469 0.24755483563858985 0.5651491775545469 0.248331099418279 0.5651491775545469 0.24887448406406143 0.5652526793918388 0.24891329725304587 0.565977192252882 0.24891329725304587 0.5662359468461118 0.24856397855218573 0.5664429505206955 0.24809822028437226 0.5664429505206955 0.24739958288265204 0.5664429505206955 0.24693382461483854 0.5665464523579874 0.24642925315804065 0.5665982032766333 0.24604112126819608 0.5665464523579874 0.24580824213428934 0.5665464523579874 0.24545892343342918 0.5664429505206955 0.24503197835460017 0.5665464523579874 0.2444497805198333 0.5663911996020496 0.24402283544100428 0.5662359468461118 0.2431689452833462 0.5662359468461118 0.24270318701553276 0.5662359468461118 0.24212098918076588 0.5663911996020496 0.24103421988920107 0.5663911996020496 0.2406460879993565 0.5663911996020496 0.23994745059763628 0.5663911996020496 0.23955931870779174 0.5663911996020496 0.23831729666028909 0.566028943171528 0.23812323071536678 0.5653561812291307 0.2384725494162269 0.5653561812291307 0.2388606813060715 0.5652009284731929
2 0.22863073496278094 0.5736647070926016 0.22892959651796127 0.5730954469874964 0.2293565415967903 0.5730954469874964 0.2298261811835022 0.5737785591136227 0.2298261811835022 0.5749170793238335 0.22905768004160998 0.5749170793238335 0.22863073496278094 0.5746893752817914
2 0.1540467266286944 0.4895765452826876 0.15455129808549237 0.4894212925267498 0.15493942997533694 0.4894212925267498 0.1555992541880727 0.4900423035505011 0.1555992541880727 0.49087031824883615 0.15524993548721258 0.4912843255980037 0.15424079257361667 0.49138782743529563 0.15373622111681876 0.4913360765166497 0.15354215517189646 0.49071506549289834 0.15354215517189646 0.4903010581437307
2 0.1496996494624352 0.4869889993503904 0.15032066048618653 0.4869372484317446 0.15063116599806217 0.4865749920012229 0.15121336383282902 0.4865749920012229 0.15156268253368915 0.4867819956758067 0.15160149572267362 0.4878687649673715 0.15094167150993784 0.48843802507247686 0.1504371000531399 0.48838627415383085 0.1500101549743109 0.48838627415383085 0.1496220230844663 0.48838627415383085 0.14942795713954402 0.4879205158860174
2 0.26104315050641946 0.48614823254670647 0.2619746670420464 0.48651048897722815 0.2627509308217356 0.48656223989587405 0.2631390627115802 0.4871832509196254 0.26325550227853356 0.48795951469931453 0.263294315467518 0.4885805257230658 0.2631390627115802 0.48904628399087924 0.26255686487681335 0.48935678950275496 0.26170297471915527 0.4896155440959847 0.26104315050641946 0.48920153674681716 0.260577392238606 0.4884770238857739 0.260577392238606 0.48754550735014696 0.26073264499454385 0.48661399081452006
2 0.2571618316079738 0.48971904593327653 0.25809334814360074 0.48987429868921445 0.2584814800334453 0.48987429868921445 0.2585979196003987 0.4904435587943198 0.258714359167352 0.49137507532994673 0.25863673278938315 0.4918408335977602 0.25809334814360074 0.49189258451640616 0.25735589755289606 0.4919443354350521 0.25696776566305146 0.49189258451640616 0.25654082058422245 0.49132332441130083 0.25654082058422245 0.4906505624689036
0 0.3204769803516381 0.5053545665511471 0.3203482431639541 0.5055071439587725 0.32028149054811794 0.5055580030946476 0.32019566575632863 0.505627934406476 0.32002401617275006 0.5058822300858516 0.3197283974454758 0.5062636736049152 0.3195948922138035 0.5063781066606343 0.31958535612582695 0.5066069727720725 0.31958058808183865 0.5069121275873233 0.31957582003785034 0.507166423266699 0.31958058808183865 0.5074016467701216 0.31965210874166305 0.5075860111376689 0.3196854850495811 0.507814877249107 0.3197570057094056 0.508088245104436 0.3199000470290544 0.5082598946880146 0.3199858718208437 0.5085777642872341 0.31999063986483195 0.5088447747505787 0.32020996988829353 0.5089401356303446 0.3203434751199658 0.5088320599666099 0.32031486685603605 0.5085014755834215 0.32031486685603605 0.5081963207681706 0.3201670574923989 0.5079420250887949 0.3201670574923989 0.5077894476811695 0.3201670574923989 0.5074016467701216 0.3202242740202584 0.5071727806586833 0.32024334619621164 0.5068167667075574 0.32035777925193065 0.5065942579881036 0.32047221230764966 0.5064671101484157 0.32069631037509955 0.5063018179568216 0.32079643929885376 0.5060920240213366 0.32079643929885376 0.5056978657183042 0.3207773671229006 0.5054054256870222 0.32070107841908796 0.5052973500232875
2 0.739057773791604 0.552590829710645 0.7397622331716718 0.5518394063719059 0.7402788367170549 0.5519020249834675 0.7405606204690821 0.552590829710645 0.7408424042211093 0.5533422530493841 0.7408893681797803 0.5547198625037391 0.7408893681797803 0.555346048619355 0.7406075844277534 0.556410565015902 0.7402788367170549 0.5569741325199563 0.7395274133783158 0.5576003186355722 0.7383063504528647 0.5581638861396265 0.73811849461818 0.5576003186355722 0.73811849461818 0.5564731836274637 0.73811849461818 0.5555339044540397 0.7384472423288784 0.5540936763881231 0.7387759900395767 0.5535927274956305
2 0.7673300769116623 0.5543441508343696 0.7684102479610998 0.5539058205534384 0.7693495271345236 0.5541562949996848 0.7693964910931949 0.5554086672309166 0.7693025631758524 0.5565984208505869 0.7689738154651541 0.5565984208505869 0.7682223921264151 0.5569115139083948 0.7677057885810319 0.557036751131518 0.7671891850356487 0.5568488952968332 0.7669074012836216 0.5560348533465326 0.7669074012836216 0.5554086672309166 0.7670952571183062 0.5543441508343696
2 0.7306512251894604 0.5477691966204025 0.7318722881149113 0.5478944338435257 0.7322479997842809 0.5478944338435257 0.7329524591643487 0.5478944338435257 0.7338447743791014 0.5480822896782105 0.73497190938721 0.548144908289772 0.7365217200233594 0.5482701455128952 0.7382124225355224 0.5485832385707032 0.7388699179569191 0.5488337130169495 0.7374609991967833 0.5496477549672503 0.7365686839820307 0.5496477549672503 0.735911188560634 0.5496477549672503 0.7345022698004982 0.549835610801935 0.733750846461759 0.5500860852481814 0.7322479997842809 0.549835610801935 0.7308390810241451 0.5497729921903735 0.7300406937267347 0.5490215688516343
2 0.2853861215908183 0.4818258821987297 0.285819920450633 0.48144028321222765 0.2862537193104477 0.48144028321222765 0.28630191918376047 0.48205081494085583 0.2862296193737914 0.48298267915823556 0.2853379217175055 0.4833682781447376 0.28514512222425453 0.4828862794116101 0.28514512222425453 0.4824364139273578 0.2852174220342237 0.48208294818973096
2 0.33214935393810685 0.48991478188464554 0.3328903330005374 0.48953841156722044 0.3339841592355539 0.4896795504362548 0.3339841592355539 0.4906675225194955 0.33250220111069284 0.4911379854162769 0.3319729303518138 0.4908557076782081
0 0.34122131888010876 0.47800416643835136 0.341804537347193 0.477933473290826 0.3420696366504131 0.47864040476607966 0.3422021863020232 0.48139743751956876 0.3427058749781414 0.4828819936176015 0.3430239941420055 0.48330615250275366 0.3432625835149037 0.48560367979732805 0.3432625835149037 0.4868408098790219 0.3431565437936156 0.487936553665665 0.3433156033755477 0.49147121104193325 0.3433156033755477 0.4924255685335257 0.3437927821213439 0.4935920054676942 0.3434216430968357 0.49376873833650753 0.3427058749781414 0.49341527259888074 0.3422817160929892 0.49295576713996586 0.3420696366504131 0.49186002335332274 0.3420696366504131 0.4906935864191543 0.3420696366504131 0.4894211097636977 0.3420696366504131 0.48878487143596944 0.341778027416871 0.4869115030265473 0.3418840671381591 0.4857804126661414 0.34151292811365086 0.48383635110919393 0.3415924579046169 0.48302337991265226 0.34153943804397285 0.4817862498309583 0.34122131888010876 0.48008961429034963 0.34100923943753275 0.47941802938885864
2 0.34719147422117047 0.552796021965701 0.3478512984339062 0.552796021965701 0.3486275622135954 0.5529512747216387 0.3495202655602379 0.5532100293148685 0.3495590787492223 0.5544003004437251 0.34878281496953323 0.5550730623861224 0.3481618039457819 0.5548660587115386 0.3473855401660927 0.5547625568742467 0.34684215552031034 0.554503802281017 0.34653165000843467 0.5542967986064332 0.3464928368194503 0.553675787582682 0.3466092763864036 0.5531582783962226
2 0.3391571441013878 0.5528477728843468 0.3400110342590459 0.5531582783962226 0.3405156057158438 0.5534687839080982 0.3405156057158438 0.5542450476877874 0.339855781503108 0.5544520513623711 0.33907951772341893 0.5542967986064332 0.33876901221154326 0.5539345421759116 0.33876901221154326 0.5532617802335145
2 0.33655666043942917 0.5528477728843468 0.33694479232927377 0.5528477728843468 0.3371000450852117 0.5531582783962226 0.3371000450852117 0.5537275385013279 0.33655666043942917 0.5538827912572658 0.33616852854958457 0.5538827912572658 0.3360520889826313 0.5535722857453901
2 0.3763991821673589 0.5538246646326022 0.37749300840237543 0.5540128497913147 0.37809284859577164 0.5540128497913147 0.3783398416165818 0.5552830996126242 0.3776341472714099 0.55589470137844 0.3765756057536519 0.5556124236403712 0.37604633499477286 0.5554242384816587 0.37594048084299714 0.5547655904261648
2 0.382785715991165 0.5591408953662309 0.3857143475236286 0.5593761268146215 0.38402068109521603 0.5590938490765527 0.3865258960205764 0.5592349879455871 0.38797256942817887 0.5594702193939777 0.3899837983119189 0.5595172656836559 0.3899837983119189 0.5609286543739997 0.38836070131802347 0.5618225338778843 0.3863141877170248 0.5621518579056312 0.3851145073302325 0.5621518579056312 0.3832091325982682 0.5613991172707811 0.38176245919066576 0.561352070981103 0.3810567648454938 0.5605052377668966 0.38056277880387346 0.5596584045526902 0.38073920239016634 0.5591879416559089 0.38165660503889 0.5590938490765527
2 0.4572762507680698 0.555704253430921 0.45855354741085763 0.555897052924172 0.4595175448771126 0.555897052924172 0.46050564228002394 0.5561541189151733 0.4606743418366186 0.5573109158746793 0.45845714766423223 0.5574073156213049 0.4570111514648497 0.5569253168881774 0.45631225330181485 0.5565718511505505 0.456384553111784 0.5560577191685478
2 0.46428933233507474 0.556282651910674 0.46556662897786255 0.5563790516572995 0.4673018244171214 0.556475451403925 0.4677356232769362 0.5569574501370526 0.4677356232769362 0.557632248363431 0.4671090249238705 0.5576965148611813 0.466434226697492 0.5581142470965584 0.4656148288511753 0.5583713130875598 0.4651810299913606 0.5585641125808107 0.4644098320183565 0.5580821138476832 0.46380733360194726 0.5574715821190551 0.46356633423538346 0.5568289171415518 0.46385553347525993 0.5565397179016753
2 0.4714393701653598 0.5655587504100056 0.47197713734694824 0.5655056376019474 0.4722559795892534 0.5655321940059765 0.4722161449832098 0.5663288861268484 0.47223606228623166 0.5672318038638365 0.47141945286233794 0.5672318038638365 0.4711804452260764 0.5668069013993715 0.4711804452260764 0.5662757733187903 0.4711804452260764 0.5658243144502962
2 0.47667762086009235 0.5700733390949462 0.4771954707386591 0.5700467826909171 0.47791249364744376 0.5699671134788299 0.47789257634442195 0.5704982415594112 0.47781290713233476 0.570870031215818 0.4774743129809643 0.5713480464883411 0.47727513995074633 0.5714808285084865 0.4769962977084411 0.5715604977205737 0.47681704198124497 0.5715870541246028 0.4765381997389398 0.5713480464883411 0.47647844782987436 0.5710028132359634 0.476518282435918 0.5706044671755275
2 0.4886006938530905 0.5548841397244139 0.48955505134468297 0.5549194862981766 0.4909865875820716 0.5549194862981766 0.49252416354074824 0.5549194862981766 0.4941147593600689 0.5549194862981766 0.4953607260852035 0.555202258888278 0.4949100572697292 0.5564747355437346 0.4936375806142727 0.5565100821174972 0.49270973305300225 0.5564747355437345 0.4915698060491558 0.5566161218387853 0.48934297190210685 0.5564747355437345 0.48881277329566664 0.5562626561011584 0.4883886144105144 0.5558384972160062 0.48836210448019235 0.5550608725932272
2 0.49061544855756334 0.5625543462309158 0.49199396493430797 0.5625189996571531 0.4922060443768841 0.5626603859522039 0.4922060443768841 0.5632966242799322 0.4922060443768841 0.5638268228863724 0.49199396493430797 0.5642509817715247 0.4916758457704439 0.564533754361626 0.4913312166762577 0.5644984077878633 0.4909865875820716 0.5640742489027112 0.49061544855756334 0.563756129738847 0.49037685918466534 0.5631905845586441 0.4903503492543433 0.5627310790997293
2 0.5005036525676736 0.5679977185903688 0.5015375398502322 0.5680330651641315 0.5020942483869943 0.5680330651641315 0.5020942483869943 0.5687046500656225 0.5015375398502322 0.5692348486720628 0.501007341243792 0.5697297007047403 0.5003711029160637 0.5693408883933508 0.5002650631947756 0.5687046500656225 0.5002650631947756 0.5684218774755211
2 0.5222216823759934 0.5621273491960986 0.5229047945021198 0.5618996451540565 0.5235452121203634 0.5620134971750775 0.5235025176124805 0.5633797214273305 0.5230755725336514 0.5638920555219253 0.5223924604075251 0.5638920555219253 0.5220082098365789 0.5633797214273305 0.521965515328696 0.5629243133432461
2 0.5388725404503255 0.5694138785414474 0.5394275690528033 0.5691861744994052 0.540025292163164 0.5690153964678737 0.5408791823208219 0.5693000265204263 0.5418184614942457 0.5699831386465528 0.5422454065730749 0.5710647328462529 0.5423307955888407 0.5719755490144215 0.5421173230494262 0.572658661140548 0.5416476834627142 0.5731709952351428 0.5411780438760023 0.573398699277185 0.5402387647025784 0.5735694773087165 0.5393421800370375 0.5733417732666745 0.53908601298974 0.5721463270459531 0.5387444569266768 0.5714062889093162 0.5387444569266768 0.5704385467306371 0.5387444569266768 0.5699831386465528
1 0.547454136534789 0.5525637794303284 0.5483934157082129 0.5523930013987968 0.549631556436817 0.5528484094828812 0.5495461674210512 0.5536453736300286 0.5493326948816366 0.5542715597456446 0.5489057498028077 0.5552962279348341 0.548308026692447 0.5559793400609606 0.5476249145663206 0.5561501180924923 0.5471979694874916 0.5561501180924923 0.5468564134244284 0.5554670059663658 0.5468564134244284 0.5542715597456446 0.5469418024401942 0.5537022996405392
2 0.5432273802543816 0.5586548625549559 0.5433981582859132 0.5573455643132135 0.5442093539356884 0.5573455643132135 0.5441239649199225 0.5589394926075085 0.5445509099987517 0.5597364567546561 0.5447216880302832 0.5609319029753773 0.5445936045066344 0.5615011630804827 0.5436970198410935 0.5615011630804827 0.5431846857464987 0.5607041989333352 0.5430992967307329 0.5599072347861876 0.5428431296834354 0.5592241226600613
2 0.5511685587206016 0.5601918648387404 0.5521078378940254 0.5596795307441456 0.5529190335438006 0.559622604733635 0.5534313676383954 0.5599641607966983 0.5539863962408731 0.5612734590384406 0.5544987303354679 0.5629812393537568 0.5540290907487561 0.5639489815324358 0.5524920884649716 0.5644043896165202 0.551851670846728 0.5639489815324358 0.5510404751969529 0.5630381653642672 0.5507843081496554 0.5625827572801829 0.5505281411023579 0.5610457549963984
2 0.5604759614390743 0.568958470457363 0.5611163790573179 0.568958470457363 0.5618421856913273 0.568958470457363 0.5623545197859221 0.5690153964678737 0.5629522428962828 0.5699831386465528 0.5630376319120485 0.5706662507726792 0.5630376319120485 0.5716909189618689 0.562824159372634 0.5721463270459531 0.5624826033095708 0.5724309570985059 0.5616287131519127 0.5727155871510585 0.5612017680730836 0.5728294391720796 0.5607748229942547 0.5726017351300375 0.5600917108681283 0.571918623003911 0.5598782383287138 0.5708939548147214 0.5598782383287138 0.5704954727411476 0.5599636273444796 0.5700969906675739 0.5602624888996598 0.5694138785414474
2 0.5699207618133799 0.5705741442003274 0.5708130770281327 0.570323669754081 0.5712827166148445 0.570323669754081 0.5715645003668718 0.5709498558696969 0.5716584282842142 0.5723900839356135 0.5712827166148445 0.5728284142165446 0.5700616536893935 0.5728910328281063 0.5695920141026817 0.5721396094893672 0.5695920141026817 0.5715134233737512
2 0.5723159237056108 0.5655020366638385 0.5731612749616923 0.5658151297216465 0.5744762658044856 0.5658151297216465 0.5749459053911976 0.5669422647297551 0.5748050135151841 0.5688834416881644 0.5734430587137195 0.5701984325309578 0.5729264551683363 0.5701984325309578 0.57189324807757 0.5688208230766029 0.5716584282842142 0.5680693997378637 0.5717993201602277 0.5673179763991246 0.5722219957882685 0.5663160786141392
2 0.5826479946132733 0.5572989985492701 0.5834463819106837 0.5572989985492701 0.5839160214973956 0.5581130404995708 0.5838690575387243 0.5588018452267483 0.5831645981586564 0.5588644638383099 0.5826479946132733 0.5589897010614331 0.582319246902575 0.5584261335573788
2 0.5876261742324198 0.5622458688626358 0.5882836696538164 0.5622458688626358 0.5889881290338844 0.5619953944163895 0.589363840703254 0.5619953944163895 0.5896925884139522 0.5626215805320054 0.5898804442486371 0.563748715540114 0.5900683000833218 0.5650010877713458 0.5887063452818572 0.5651889436060306 0.5873913544390639 0.5643122830441683 0.5866399311003248 0.5635608597054292 0.5871565346457078 0.5627468177551285
2 0.6007291187016828 0.5700105766962731 0.6019032176684626 0.5697601022500267 0.6025607130898591 0.5698227208615882 0.6033121364285984 0.5703862883656426 0.6033591003872695 0.5715760419853129 0.6020441095444761 0.5725153211587367 0.6004473349496555 0.5717638978199976 0.6004003709909843 0.5712003303159433
2 0.6048149831060765 0.5547942540868065 0.6053785506101308 0.5542933051943137 0.6062239018662123 0.5542933051943137 0.6065056856182394 0.5554204402024223 0.6062239018662123 0.5564849565989693 0.60495587498209 0.5564849565989693 0.6047210551887341 0.5557335332602303
2 0.59669021825596 0.5534792632440131 0.5975825334707127 0.5531035515746435 0.5976294974293839 0.5542306865827521 0.5975355695120416 0.5550447285330529 0.5965962903386176 0.5550447285330529 0.5962675426279194 0.5542933051943137
2 0.6122644097060456 0.5429543574000122 0.6132459564422734 0.5429543574000122 0.6141241824694248 0.5429543574000122 0.6141758428239632 0.5435054011817542 0.6141758428239632 0.5446074887452381 0.6135042582149651 0.5446074887452381 0.6121610889969689 0.5442630863816494 0.6117994665152008 0.5439186840180606
2 0.6148990877874995 0.5432298792908832 0.6155706723964975 0.5436431621271897 0.6159322948782657 0.5437120425999074 0.6166038794872638 0.5445386082725204 0.6163455777145723 0.5449518911088269 0.614640786014808 0.5452962934724156 0.6145891256602697 0.5446074887452381
2 0.6386628508751232 0.5495668827809161 0.6400576804476575 0.5499112851445049 0.6410392271838856 0.5497046437263516 0.6430023206563414 0.5497735241990693 0.6438805466834928 0.5498424046717871 0.6459986212195636 0.5498424046717871 0.6472384697284831 0.5505312093989646 0.646566885119485 0.5514266555442954 0.645430357319642 0.5515644164897309 0.6443971502288758 0.5515644164897309 0.6426923585291117 0.5517021774351664 0.641762472147422 0.5517021774351664 0.640264321865811 0.5513577750715777 0.639282775129583 0.5511511336534244 0.6379912662661252 0.5506689703444001
2 0.6555557868091513 0.5547329182347475 0.6562273714181495 0.5542507549257232 0.656795635318071 0.5541818744530054 0.657312238863454 0.5542507549257232 0.6579321631179138 0.5549395596529006 0.6581904648906053 0.5560416472163847 0.6582937855996821 0.5570059738344331 0.6578805027633756 0.5581080613979171 0.6570539370907624 0.5581769418706348 0.6563306921272261 0.5582458223433526 0.6555041264546131 0.5578325395070461 0.6555041264546131 0.5572126152525864 0.6552974850364599 0.5561105276891024 0.6552974850364599 0.5556283643800781
2 0.6494082046190922 0.5691289370327571 0.6504930720643969 0.5687845346691683 0.6510613359643184 0.5687845346691683 0.6511129963188566 0.5693355784509104 0.6511129963188566 0.5700932636508056 0.65100967560978 0.5707820683779832 0.6503380910007819 0.5710575902688542 0.6496148460372456 0.5710575902688542 0.6493565442645539 0.5705754269598299 0.6493565442645539 0.5700932636508056
2 0.6691166808308497 0.5537460708320316 0.6703543596048785 0.5537460708320316 0.6710419589237836 0.5555796690157782 0.6710419589237836 0.5578716667454613 0.6701480798092072 0.5579633466546485 0.6691166808308497 0.5575966270178992 0.6687728811713973 0.5562214283800894 0.6685666013757258 0.5553046292882161 0.6685666013757258 0.5543878301963429
2 0.6627220071650338 0.568231496483629 0.6635471263477197 0.5674063773009431 0.6640284458709531 0.5675897371193177 0.664303485598515 0.5693316553938769 0.6629970468925959 0.5706151741224995 0.6622406876418003 0.5697900549398136
2 0.6885757415558595 0.540635843818244 0.6894008607385455 0.5409108835458061 0.6902259799212314 0.5410942433641807 0.6910510991039174 0.5414609630009299 0.6918762182866032 0.5415526429101173 0.6918762182866032 0.5428361616387398 0.6916011785590412 0.5430195214571145 0.6905697795806838 0.5432945611846764 0.6891258210109834 0.5432945611846764 0.688369461760188 0.5425611219111779 0.687819382305064 0.5418276826376792
2 0.6916812383381081 0.30944110470375935 0.6922495022380296 0.30909670234017056 0.6927661057834126 0.30909670234017056 0.6928694264924893 0.3105431922672433 0.6915262572744932 0.31109423604898534 0.6913712762108782 0.31033655084909006
1 0.6953626492751803 0.46109247895753164 0.696489784283289 0.46115509756909323 0.6976638832500689 0.46115509756909323 0.6978517390847536 0.4620317581309555 0.6977578111674112 0.4625953256350098 0.6963019284486043 0.4629084186928178 0.6951747934404956 0.46284580008125614 0.6943764061430852 0.46228223257720186 0.6949869376058108 0.4614055720153395
2 0.6944233701017565 0.4831342302272116 0.6950339015644819 0.4830089930040884 0.695268721357838 0.48325946745033477 0.6953626492751803 0.4841987466237586 0.6950808655231532 0.4843239838468818 0.6944233701017565 0.48407350940063554 0.6941885503084005 0.4838230349543891
2 0.68944519048261 0.47862569019477713 0.6895391183999524 0.4783125971369691 0.6901026859040067 0.4783125971369691 0.6907601813254035 0.4782499785254075 0.6906192894493899 0.47937711353351614 0.6898209021519796 0.47969020659132416 0.6893512625652677 0.47937711353351614
2 0.6935780188456749 0.466853391221198 0.6938598025977022 0.46647767955182845 0.6944703340604277 0.46647767955182845 0.6947051538537837 0.46710386566744433 0.6946112259364412 0.4679805262293065 0.6938598025977022 0.46804314484086823 0.6933901630109902 0.4676048145599371
2 0.4868688313233476 0.32211894222291326 0.48738543486873065 0.32193108638822854 0.4877141825794291 0.32193108638822854 0.4879490023727851 0.32343393306570667 0.48644615569530686 0.3230582213963371
2 0.5149063146500499 0.311912108538374 0.5154698821541042 0.31122330381119645 0.5159395217408161 0.31122330381119645 0.5161743415341722 0.31241305743086667 0.5152350623607483 0.31347757382741376 0.5147184588153652 0.31303924354648266 0.5146245308980227 0.31253829465398986
2 0.692222047273985 0.3670286632060514 0.6929721556218812 0.36686197246207447 0.6935972459117946 0.366945317834063 0.6939723000857428 0.3670286632060514 0.6944723723176736 0.3680288076699132 0.6942223362017083 0.36894560676178645 0.6932847007668379 0.36969571510968263 0.69247208338995 0.3688622613897979 0.6922845563029761 0.3683621891578671
1 0.6168085801766514 0.46463423532757764 0.6178712336695046 0.46463423532757764 0.6183713059014354 0.4643841992116123 0.6197465045392453 0.4643841992116123 0.620559121916133 0.4643841992116123 0.62180930249596 0.46463423532757764 0.6217467934669688 0.46546768904746244 0.618996396191349 0.4659677612793934 0.6168710892056428 0.4659677612793934 0.6153083634808588 0.4659677612793934
1 0.623872100452675 0.4644675445836006 0.6246222088005713 0.4644675445836006 0.6253098081194762 0.4644675445836006 0.6260599164673725 0.4644675445836006 0.6256848622934243 0.4658010705354162 0.6244346817135973 0.46630114276734713 0.6238095914236836 0.4659677612793932 0.6237470823946922 0.4653843436754738
2 0.6236354124330427 0.4730772078327385 0.6239171961850699 0.47276411477493063 0.6247625474411515 0.47295197060961536 0.6247625474411515 0.47395386839460085 0.6237763043090564 0.4748305289564631 0.6234945205570291 0.47376601255991607
2 0.4809677619446081 0.44816971060421784 0.4815887729683594 0.4479109560109882 0.4826367290709397 0.44770395233640436 0.4829860477717999 0.44785920509234217 0.48306367414976875 0.4494634835703665 0.48279198182687755 0.4504467510246393 0.48189927848023506 0.45065375469922314 0.4808901355666391 0.44998099275682585
2 0.48279198182687755 0.47953076730365923 0.4832189269057066 0.47958251822230513 0.4838787511184423 0.4798412728155349 0.48302486096078423 0.4818078077240807 0.48267554225992415 0.4817043058867888 0.48236503674804854 0.4811350457816835 0.4822097839921107 0.4805657856765781 0.48228741037007966 0.4800482764901187
1 0.37474509580025567 0.48295122123752793 0.37500800420014335 0.48295122123752793 0.37524900356670715 0.48295122123752793 0.37478891386690366 0.48365231030389516 0.3746574596669598 0.48347703803730335 0.3745040964336919 0.4830680694152558
2 0.6649853984076755 0.4219296082429512 0.6654088150147787 0.42164733050488246 0.666255648228985 0.42117686760810114 0.6666437801188296 0.4213180064771355 0.666608495401571 0.42277644145715754 0.6661145093599506 0.4238114598300765 0.6653735302975201 0.4238114598300765 0.6649501136904169 0.42319985806426075 0.6647384053868653 0.42263530258812315
2 0.6416974850170013 0.42644605205205166 0.6430735889900866 0.4266342372107642 0.6431088737073452 0.4271987926869018 0.6428971654037935 0.42776334816303935 0.6422620404931387 0.42799857961142995 0.6416974850170013 0.4280456259011081 0.6415563461479669 0.427292885266258
2 0.6333702917439722 0.4376430689954466 0.6337937083510754 0.43731374496769965 0.6339701319373684 0.43731374496769965 0.6340407013718855 0.43792534673351535 0.6340407013718855 0.4383958096302967 0.633299722309455 0.43867808736836544 0.6330880140059034 0.4383017170509404
2 0.47532428967411605 0.19986495775860308 0.47623192077507065 0.19915902245786066 0.47713955187602514 0.1990581745577546 0.4775177315014228 0.19936071825807283 0.4778959111268206 0.2006717409594515 0.47713955187602514 0.20238615526125453 0.4763075567001501 0.20238615526125453 0.47547556152427517 0.20178106786061817 0.47517301782395693 0.2009742846597697
2 0.46534034756361636 0.22396760588395087 0.4660967068144118 0.22396760588395087 0.46639925051473 0.2248752369849054 0.46639925051473 0.22608541178617808 0.4660967068144118 0.2264888033866023 0.4650378038632981 0.22578286808585993 0.4645839883128209 0.22537947648543566
2 0.5039146693541835 0.2090421166682543 0.5045197567548197 0.20894126876814828 0.5050492082303766 0.20894126876814828 0.5050492082303766 0.2096472040688907 0.504822300455138 0.2107565309700573 0.5041415771294221 0.21085737887016337 0.5036121256538653 0.21035313936963307
2 0.48008935295412736 0.20349548216242117 0.48077007627984325 0.2033946342623151 0.4809213481300023 0.20410056956305747 0.4808457122049227 0.2046048090635878
2 0.5964050033273706 0.03476658340597643 0.5967236801757194 0.034580688577772994 0.5969626878119809 0.03463380138583112 0.5969826051150028 0.035085260254325186 0.5969228532059373 0.03553671912281924 0.5964846725394579 0.03543049350670299 0.5962456649031963 0.03532426789058674 0.5962655822062181 0.03500559104223799
2 0.6869596636433281 0.08717255480009671 0.6873679165702871 0.08709479233781879 0.6876595258038292 0.08713367356895776 0.6877761694972461 0.087716892036042 0.6877761694972461 0.08818346680970941 0.6871929510301618 0.08810570434743151 0.6870179854900365 0.08779465449831993 0.6869888245666823 0.08756136711148618
1 0.6981643740771214 0.20551845764191895 0.6983976614639551 0.2053629327173631 0.6988350753142683 0.20559622010419684 0.6990975236244562 0.2061016761090032 0.6990975236244562 0.20676265703836536 0.6982226959238298 0.20750140043000542 0.6978144429968709 0.20719035058089377 0.6978144429968709 0.2066460133449485 0.6979310866902877 0.20614055734014214
2 0.6949125680477599 0.2146497339810909 0.6953006999376045 0.21433922846921527 0.6959217109613559 0.21433922846921527 0.6959993373393247 0.21506374133025843 0.6959605241503403 0.21558125051671786 0.6954947658825268 0.21578825419130165 0.6949513812367444 0.21584000510994758 0.6947573152918222 0.21573650327265567 0.6947961284808065 0.21516724316755034
1 0.6024876080355988 0.23228728951987188 0.6031624062619773 0.23215875652437115 0.603282905945259 0.23219088977324634 0.6037167048050738 0.23386181871475492 0.6037167048050738 0.2347294164343844 0.6036444049951047 0.23537208141188773 0.6034757054385101 0.23601474638939102 0.6022948085423477 0.23521141516751193 0.6020779091124403 0.23434381744788244 0.6018851096191894 0.2338296854658798 0.6022225087323786 0.23299422099512548
2 0.6035962051217919 0.2507639076230921 0.603668504931761 0.2503461753877149 0.6039818041082939 0.2501855091433391 0.6039818041082939 0.25041044188546524 0.6045361026513905 0.2505389748809659 0.604632502398016 0.2513101728539699 0.6035962051217919 0.2529168352977281 0.6030419065786953 0.2523705700668503 0.6028491070854444 0.25198497108034834 0.603017806642039 0.25159937209384636
2 0.6083438926430976 0.2333476867327523 0.6088499913128815 0.233283420235002 0.6093560899826653 0.2333476867327523 0.6099344884624183 0.23447235044338313 0.6102477876389512 0.2360790128871414 0.6098621886524492 0.23640034537589305 0.6098621886524492 0.2369144773578957 0.6087294916295997 0.23591834664276556 0.6080546934032212 0.23572554714951457 0.6078377939733138 0.2355006144073884 0.6077413942266883 0.23508288217201126 0.6077413942266883 0.2346651499366341 0.6080064935299084 0.23450448369225824 0.6081510931498466 0.23434381744788244
2 0.6079100937832829 0.24465859033681064 0.6084161924530668 0.24453005734130995 0.6085848920096614 0.24478712333231126 0.6086812917562869 0.24552618805644008 0.6085366921363486 0.24620098628281853 0.6076208945434064 0.24520485556768842 0.6076208945434064 0.2450120560744374
