2 0.006555267394427941 0.3804948172782428 0.009580775422625452 0.3782537002203188 0.013446702347544495 0.3782537002203188 0.01445520502361033 0.38094304068982765 0.015967959037709086 0.40044075909376714 0.011765864554101432 0.4017854293285216 0.008236105187871002 0.39842375374163547 0.005714848497706409 0.39528618986054176 0.0036978431455747364 0.39080395574469357 0.0040340107042633475 0.38408060457092136
1 0.03865926924919042 0.35942831693375643 0.042189028615420836 0.35942831693375643 0.0435336988501753 0.35942831693375643 0.03966777192525626 0.36211765740326535
2 0.04471028530558544 0.8363380268600011 0.04588687176099558 0.8325281278615302 0.04655920687837281 0.835217468331039 0.04655920687837281 0.8394755907410949 0.0463911230990285 0.845078383385905 0.04571878798165127 0.8589733091450344 0.043869866408863915 0.8500088409133381 0.043869866408863915 0.8437337131511505 0.04471028530558544 0.8385791439179252
2 0.04336561507083099 0.8995375278934603 0.044878369084929745 0.8952794054834046 0.046223039319684196 0.8950552937776121 0.04706345821640573 0.8963999640123664 0.04706345821640573 0.9011063098340073 0.04655920687837281 0.9058126556556477 0.04655920687837281 0.9089502195367413 0.046223039319684196 0.910967224888873 0.04403795018820821 0.9105190014772881 0.04336561507083099 0.9069332141846096
2 0.04269327995345376 0.9154494590047212 0.044878369084929745 0.9143289004757592 0.043869866408863915 0.91813879947423
2 0.07580578448428209 0.9087261078309489 0.07765470605706945 0.9087261078309489 0.07832704117444667 0.9105190014772881 0.07832704117444667 0.9165700175336834 0.07496536558756055 0.9123118951236274
2 0.05513147962493242 0.9076055493019869 0.05798890387378563 0.9055885439498552 0.05983782544657299 0.9055885439498552 0.06067824434329453 0.9076055493019869 0.06118249568132744 0.9123118951236274 0.06034207678460592 0.9161217941220986 0.05513147962493242 0.9116395600062503 0.05395489316952228 0.9102948897714959
2 0.0008404188967215309 0.8502329526191305 0.004538262042296267 0.8520258462654698 0.004538262042296267 0.854939298440771 0.004538262042296267 0.8574045272044875 0.0006723351173772247 0.8526981813828469
0 0.40917274218337135 0.5866113781890936 0.40993044517064836 0.5812232680573453 0.4122035541324799 0.5744881303926598 0.4132138247821826 0.5729727244181057 0.41359267627582114 0.5744881303926598 0.41359267627582114 0.5788659698747053 0.4122035541324799 0.585937864422625 0.4115721349764156 0.5891370548133505 0.4109407158203513 0.5903157039046706 0.40967787750822265 0.5899789470214363
2 0.6249844465556417 0.5882101934716517 0.6256790076273124 0.5856171654707479 0.6284572519139952 0.5835797863271805 0.6308187595576755 0.5811719746120555 0.6315133206293462 0.5819128397551708 0.6295685496286683 0.5885806260432095 0.628318339699661 0.5922849517587865 0.6259568320559806 0.5919145191872288 0.6251233587699758 0.5902475726152191
1 0.7754263746795124 0.6234012877696332 0.7765376723941856 0.6196969620540562 0.7791770044665342 0.6196969620540562 0.7795937411095366 0.6221047737691813 0.7795937411095366 0.6259943157705371 0.778065706751861 0.6302542903434507 0.7761209357511831 0.6289577763429988 0.7752874624651782 0.6252534506274218
1 0.841687500916896 0.6258090994847584 0.8426598864172348 0.6258090994847584 0.8426598864172348 0.6291429926287776
1 0.9204033011865392 0.6278464786283258 0.9210978622582098 0.6254386669132006 0.9227648088302197 0.6245125854843064 0.9238761065448926 0.6245125854843064 0.9238761065448926 0.6280316949141046 0.9233204576875561 0.629883857771893 0.9215145989012125 0.629883857771893
