1 0.01676448216040808 0.21672794357134212 0.023363267691632533 0.21958147244970946 0.03192385432673453 0.21696573764453944 0.04066278651673449 0.21696573764453944 0.04708322649306099 0.21696573764453944 0.06259928976918336 0.21863029615692034 0.06741461975142822 0.21958147244970946 0.06901972974550985 0.21696573764453944 0.07115987640428535 0.2129232384001857 0.07829369860020369 0.20959412137542383 0.0820389552530608 0.21054529766821292 0.0850708296863261 0.21625235542494756 0.09238299743714236 0.21672794357134212 0.051185174255714026 0.22338617762086593 0.02817859767387741 0.22362397169406317
2 0.21740323142061116 0.07752086786231252 0.21829495919510092 0.07585630934993158 0.22079179696367235 0.07538072120353702 0.22257525251265192 0.07728307378911524 0.22186187029306004 0.08061219081387713 0.21954337807938665 0.0810877789602717 0.21847330474999885 0.0810877789602717
2 0.4581697305328547 0.05065013759102015 0.4581697305328547 0.04708322649306098 0.4601315316367323 0.04232734502911542 0.4628067149602016 0.04208955095591815 0.4644118249542833 0.04589425612707458 0.46601693494836494 0.04708322649306098 0.4661952805032628 0.04993675537142831 0.46601693494836494 0.053979254615782034 0.4647685160640791 0.05730837164054393 0.4626283694053037 0.05754616571374119 0.4601315316367323 0.05730837164054393
2 0.5154186536550994 0.09345307076653013 0.5234442036255075 0.0936908648397274 0.5243359313999972 0.08988615966857096 0.5275461513881605 0.08869718930258458 0.5271894602783647 0.09178851225414916 0.5270111147234666 0.09511762927891107 0.5266544236136708 0.09939792259646207 0.5248709680646911 0.10153806925523759 0.5227308214059156 0.10296483369442123 0.5204123291922422 0.10391600998721034 0.5155969992099972 0.1034404218408158 0.5154186536550994 0.09963571666965935
1 0.5642559897467431 0.19831593345195414 0.5657151806504537 0.19528946342944337 0.5707412826521234 0.2000453448933889 0.5726868705237375 0.20588210850823116 0.5741460614274481 0.20480122635733444 0.5749567230406205 0.20155857990464432 0.5759295169764277 0.1972350513010575 0.5790100311064832 0.19788358059159544 0.5796585603970212 0.20069387418392692 0.5798206927196558 0.20393652063661713 0.5788478987838487 0.20653063779876923 0.5697684887163164 0.20826004924020394 0.561337607939322 0.20544975564787252 0.561337607939322 0.201342403474465 0.5627967988430326 0.19939681560285089 0.5657151806504537 0.2000453448933889
1 0.6954948458131137 0.19762396836089785 0.7033066759036855 0.19762396836089785 0.7084654316238743 0.19683787225115482 0.7118554710971412 0.19664134822371898 0.7150981175498314 0.19664134822371898 0.7103815408913731 0.19782049238833363 0.7092023967267584 0.1999822566901271 0.7084654316238743 0.20312664112909937 0.7033066759036855 0.20312664112909937 0.6974109550806125 0.20116140085474166
1 0.7618217050726848 0.1974274443334621 0.7678648189163346 0.19605177614141175 0.7753818629657527 0.19585525211397595 0.7817197628505561 0.19683787225115482 0.7910055231468962 0.19683787225115482 0.8101666158218834 0.19487263197679713 0.8212210923651455 0.19310391572987523 0.8334547130730218 0.19310391572987523 0.8368447525462888 0.19133519948295333 0.8468674779455128 0.19133519948295333 0.8542371289743541 0.1927108676750037 0.8246111318384124 0.2013579248821774 0.8207789133034147 0.2015544489096132 0.8117879390482284 0.20175097293704894 0.7977856020934301 0.20194749696448475 0.7742027188011381 0.2031266411290993 0.7647695654842214 0.2031266411290993 0.758284272578841 0.2015544489096132
2 0.6734835211448472 0.027046697885458357 0.6702465493234494 0.01841477302839718 0.6700307512020228 0.011509233142748236 0.6745625117519799 0.009495117342767296 0.6838418309733207 0.009495117342767296 0.6866472065518656 0.011221502314179531 0.6862156103090125 0.017551580542691063 0.6855682159447329 0.022155273799790355 0.6829786384876146 0.026471236228320944 0.6793100704233637 0.026471236228320944 0.6760730986019656 0.026758967056889647
2 0.7766350231867284 0.07653640039927577 0.7803035912509793 0.0730836304564513 0.78461955367951 0.07164497631360778 0.7887197179866141 0.07250816879931389 0.7900145067151731 0.07164497631360778 0.7926040841722917 0.07250816879931389 0.7921724879294385 0.07538547708500096 0.7910934973223058 0.07855051619925672 0.7880723236223345 0.08114009365637508 0.7798719950081263 0.08229101697064989
1 0.8794057104371433 0.19097766561413732 0.8807456469878416 0.18919108354653943 0.8851674376051464 0.1882977925127405 0.8883832853268225 0.18919108354653943 0.8965568982860829 0.1913349820276569 0.9059364541409718 0.19097766561413732 0.9116981813089748 0.19062034920061777 0.9218816990942829 0.19062034920061777 0.9311272612941017 0.18972705816681878 0.9405068171489905 0.18972705816681878 0.9536381953458349 0.1913349820276569 0.9627497638905844 0.18936974175329924 0.9719953260904032 0.1884764507195003 0.9871366091132953 0.18651121044514263 0.9970521395884636 0.18758315968570133 0.9970521395884636 0.1900843745803384 0.9927643426262286 0.192942905888495 0.9815088756003619 0.19526546257637223 0.9766851040178477 0.19472948795609288 0.9701194149194253 0.19419351333581353 0.9352810646012669 0.19419351333581353 0.9226856610247018 0.19490814616285268 0.9104922384133463 0.19508680436961243 0.9023186254540859 0.19508680436961243 0.8894552345673813 0.1927642476817352 0.882889545468959 0.19383619692229387 0.8816836025733307 0.19204961485469607
